        0.000   98.37439979       310.1862598    
        0.001   98.34657208       312.3043248    
        0.001   98.32276613       314.5418122    
        0.001   98.32306693       314.5414141    
        0.001   98.32306693       314.5414142    
        0.001   98.32306693       314.5414142    
        0.001   98.32336774       314.5410161    
        0.002   98.30435897       316.9430600    
        0.003   98.29075897       319.5616812    
        0.003   98.29101725       319.5610980    
        0.003   98.29101723       319.5611036    
        0.003   98.29101721       319.5611099    
        0.003   98.29127549       319.5605268    
        0.003   98.28351519       322.4506505    
        0.004   98.28181727       325.6521457    
        0.004   98.28201146       325.6513929    
        0.004   98.28201147       325.6514156    
        0.004   98.28201149       325.6514675    
        0.004   98.28220568       325.6507148    
        0.004   98.28654502       329.1156788    
        0.005   98.29658534       332.4565588    
        0.005   98.29669966       332.4560551    
        0.005   98.29670001       332.4561381    
        0.005   98.29670071       332.4562991    
        0.005   98.29681502       332.4557953    
        0.006   98.31180777       334.2089625    
        0.006   98.33047143       331.1346281    
        0.006   98.33050231       331.1360834    
        0.006   98.33050336       331.1357414    
        0.006   98.33050899       331.1339123    
        0.006   98.33053986       331.1353676    
        0.007   98.35101096       322.6810432    
        0.008   98.37607467       343.3772174    
        0.008   98.37605732       343.3770345    
        0.008   98.37606724       343.4011478    
        0.008   98.37609491       343.4683490    
        0.008   98.37607756       343.4681643    
        0.008   98.68093635       284.2413238    
        0.009   98.70294603       302.0393078    
        0.009   98.70298440       302.0378385    
        0.009   98.70301726       302.0028996    
        0.009   98.70306459       301.9528231    
        0.009   98.70310316       301.9513609    
        0.009   98.71534873       295.6037987    
        0.010   98.72450567       295.1439906    
        0.010   98.72462330       295.1432657    
        0.010   98.72480206       295.1550448    
        0.010   98.72506597       295.1738199    
        0.010   98.72518603       295.1731009    
        0.010   98.72894353       295.6305489    
        0.011   98.73342549       296.8000056    
        0.011   98.73360562       296.7993766    
        0.011   98.73478219       297.2990069    
        0.012   98.73591739       297.9117152    
        0.012   98.73612470       297.9111061    
        0.012   98.73636767       298.0628318    
        0.012   98.73768143       299.0165221    
        0.012   98.73791149       299.0159231    
        0.012   98.73908130       299.9683408    
        0.013   98.74113732       301.3815067    
        0.013   98.74140478       301.3809117    
        0.013   98.74246697       301.9359729    
        0.013   98.74389853       302.5538203    
        0.013   98.74417925       302.5532214    
        0.014   98.74522938       302.9388281    
        0.014   98.74894865       304.0240696    
        0.014   98.74924128       304.0234617    
        0.014   98.75476159       305.2007361    
        0.015   98.76320697       306.5415540    
        0.015   98.76350860       306.5409229    
        0.015   98.76767082       307.0892149    
        0.015   98.77238820       307.6526585    
        0.015   98.77268971       307.6520147    
        0.016   98.78625370       309.0434364    
        0.016   98.78655202       309.0427749    
        0.016   98.80705832       310.7706639    
        0.017   98.83632034       312.8364456    
        0.017   98.83659665       312.8357295    
        0.017   98.83773462       312.9101019    
        0.017   98.84248757       313.2170878    
        0.017   98.84276087       313.2163659    
        0.018   98.88321092       315.6518102    
        0.018   98.88346282       315.6510508    
        0.018   98.91594552       317.4651883    
        0.019   98.96876446       320.2991377    
        0.019   98.96897026       320.2983136    
        0.019   98.98031360       320.8991956    
        0.019   99.00025417       321.9542248    
        0.019   99.00044323       321.9533844    
        0.019   99.04624956       324.3836973    
        0.020   99.10583475       327.5589588    
        0.020   99.10596884       327.5581402    
        0.020   99.11671952       328.1257006    
        0.020   99.14166119       329.4179075    
        0.020   99.14177719       329.4171558    
        0.021   99.18594676       331.5079827    
        0.021   99.25756132       333.1671144    
        0.021   99.25762066       333.1672200    
        0.021   99.29565198       331.8553048    
        0.021   99.29569348       331.8560171    
        0.022   99.37009893       319.8924482    
        0.023   99.43742988       294.8373362    
        0.023   99.43741408       294.8385900    
        0.023   99.43875695       294.2832939    
        0.023   99.44277928       292.6889774    
        0.023   99.44276241       292.6900962    
        0.023   99.44904672       290.5679862    
        0.023   99.77916077       260.4206409    
        0.023   99.77916492       260.4218507    
        0.023   99.79577635       298.2247840    
        0.024   99.85083201       310.8074757    
        0.024   99.85085986       310.8066072    
        0.024   99.88307605       308.3235260    
        0.025   99.96389127       306.9348104    
        0.025   99.96396978       306.9340953    
        0.025   99.97786720       306.9020206    
        0.025   100.0464912       306.9920310    
        0.025   100.0465967       306.9913877    
        0.025   100.0657038       307.0543468    
        0.026   100.2186053       307.6891735    
        0.026   100.2187510       307.6886235    
        0.026   100.3270150       308.1292933    
        0.027   100.5840848       308.9947206    
        0.027   100.5842809       308.9942783    
        0.027   100.6790650       309.2562618    
        0.027   100.9077503       309.7930535    
        0.027   100.9079737       309.7926682    
        0.028   101.3041207       310.4960945    
        0.028   101.9064956       311.2360742    
        0.028   101.9067673       311.2357885    
        0.028   101.9930966       311.3203592    
        0.028   102.3363647       311.6186623    
        0.028   102.3366502       311.6184035    
        0.029   103.1309679       312.1396812    
        0.029   105.2190669       312.9293390    
        0.029   105.2194138       312.9291777    
        0.029   106.6248357       313.2348113    
        0.030   108.9477211       313.5595426    
        0.030   108.9481243       313.5594345    
        0.030   115.1222385       313.9732116    
        0.030   115.1227176       313.9731438    
        0.031   150.2864583       314.4167901    
        0.031   141.6041310       314.8115408    
        0.031   141.6043432       314.8115313    
        0.031   141.5005841       314.8136419    
        0.031   141.0037766       314.8238362    
        0.031   141.0040052       314.8238265    
        0.032   129.7053126       315.2539481    
        0.032   122.3484082       316.3077462    
        0.032   122.3487380       316.3077366    
        0.033   121.4557792       316.5842763    
        0.033   120.3790360       317.0203318    
        0.033   120.3793387       317.0203221    
        0.033   118.6119256       318.1713729    
        0.034   117.1749912       320.0707832    
        0.034   117.1752025       320.0707710    
        0.034   116.8803572       320.7186770    
        0.034   116.4819850       321.8953869    
        0.034   116.4821568       321.8953730    
        0.034   115.9777679       324.4134451    
        0.035   115.6171222       328.5021469    
        0.035   115.6172032       328.5021294    
        0.035   115.5520473       329.9642050    
        0.035   115.4746425       332.7282477    
        0.035   115.4746904       332.7282308    
        0.036   115.4012110       342.0898594    
        0.036   115.4012199       342.0898512    
        0.036   115.4039379       349.5915582    
        0.037   115.6664711       137.0946498    
        0.037   227.7634330    
        0.037   227.7634362    
        0.037   227.7634555    
        0.037   227.7638535    
        0.038   227.7638723    
        0.038   227.7638964    
        0.038   227.7643540    
        0.038   227.7643621    
        0.039   227.7643707    
        0.039   227.7648549    
        0.039   227.7648655    
        0.039   227.7648797    
        0.039   227.7654078    
        0.039   227.7654143    
        0.040   227.7654244    
        0.040   227.7659850    
        0.040   227.7659901    
        0.040   227.7660019    
        0.040   227.7665985    
        0.041   227.7666110    
        0.041   227.7672362    
        0.041   227.7672379    
        0.042   227.7672521    
        0.042   227.7679167    
        0.042   227.7679290    
        0.042   227.7686264    
        0.042   227.7686328    
        0.043   227.7686449    
        0.043   227.7693953    
        0.043   227.7693965    
        0.043   227.7694022    
        0.043   227.7701740    
        0.044   227.7701807    
        0.044   227.7701899    
        0.044   227.7710133    
        0.044   227.7710142    
        0.045   227.7710179    
        0.045   227.7718568    
        0.045   227.7718660    
        0.045   227.7727373    
        0.046   227.7727434    
        0.046   227.7727511    
        0.046   227.7736731    
        0.046   227.7736740    
        0.047   227.7736765    
        0.047   227.7746111    
        0.047   227.7746123    
        0.047   227.7746192    
        0.047   227.7755852    
        0.048   227.7755891    
        0.048   227.7755952    
        0.048   227.7766003    
        0.048   227.7766007    
        0.048   227.7766040    
        0.048   227.7776239    
        0.049   227.7776249    
        0.049   227.7776310    
        0.049   227.7786796    
        0.050   227.7786837    
        0.050   227.7786890    
        0.050   227.7797751    
        0.050   227.7797768    
        0.050   227.7797790    
        0.050   227.7808805    
        0.051   227.7808828    
        0.051   227.7808870    
        0.051   227.7820142    
        0.051   227.7820169    
        0.052   227.7820202    
        0.052   227.7831708    
        0.052   227.7831713    
        0.052   227.7831740    
        0.052   227.7843368    
        0.052   227.7843384    
        0.053   227.7843432    
        0.053   227.7855296    
        0.053   227.7855335    
        0.053   227.7867336    
        0.054   227.7867376    
        0.055   227.7867423    
        0.055   227.7879707    
        0.055   227.7879709    
        0.055   227.7879720    
        0.055   227.7892043    
        0.055   227.7892080    
        0.056   227.7892126    
        0.056   227.7904685    
        0.056   227.7904697    
        0.056   227.7917287    
        0.056   227.7917303    
        0.057   227.7917351    
        0.057   227.7930092    
        0.057   227.7930097    
        0.057   227.7930129    
        0.057   227.7942946    
        0.057   227.7942959    
        0.058   227.7943002    
        0.058   227.7955920    
        0.058   227.7955929    
        0.059   227.7955962    
        0.059   227.7968944    
        0.059   227.7968966    
        0.059   227.7969005    
        0.059   227.7982057    
        0.060   227.7982077    
        0.060   227.7982102    
        0.060   227.7995192    
        0.060   227.7995212    
        0.061   227.7995239    
        0.061   227.8008352    
        0.061   227.8008358    
        0.061   227.8008387    
        0.061   227.8021508    
        0.061   227.8021537    
        0.062   227.8021580    
        0.062   227.8034695    
        0.062   227.8034706    
        0.062   227.8034727    
        0.062   227.8047830    
        0.062   227.8047838    
        0.063   227.8047878    
        0.063   227.8060951    
        0.063   227.8060974    
        0.064   227.8061018    
        0.064   227.8074030    
        0.064   227.8074044    
        0.064   227.8074074    
        0.064   227.8087032    
        0.065   227.8087059    
        0.065   227.8087100    
        0.065   227.8099960    
        0.065   227.8099980    
        0.066   227.8100010    
        0.066   227.8112788    
        0.066   227.8112812    
        0.066   227.8112853    
        0.066   227.8125513    
        0.066   227.8125524    
        0.067   227.8125561    
        0.067   227.8138127    
        0.067   227.8138175    
        0.068   227.8138230    
        0.068   227.8150571    
        0.068   227.8150584    
        0.068   227.8150601    
        0.068   227.8162871    
        0.069   227.8162929    
        0.069   227.8175062    
        0.069   227.8175078    
        0.069   227.8175153    
        0.069   227.8187063    
        0.070   227.8187106    
        0.070   227.8187169    
        0.070   227.8198811    
        0.070   227.8198824    
        0.070   227.8198862    
        0.070   227.8210372    
        0.071   227.8210395    
        0.071   227.8210471    
        0.071   227.8221726    
        0.072   227.8221785    
        0.072   227.8221859    
        0.072   227.8232774    
        0.072   227.8232807    
        0.072   227.8232847    
        0.072   227.8243578    
        0.073   227.8243652    
        0.073   227.8243732    
        0.073   227.8254085    
        0.073   227.8254102    
        0.074   227.8254142    
        0.074   227.8264356    
        0.074   227.8264429    
        0.075   227.8264545    
        0.075   227.8274317    
        0.075   227.8274380    
        0.075   227.8284010    
        0.075   227.8284100    
        0.076   227.8284260    
        0.076   227.8293356    
        0.076   227.8293412    
        0.076   227.8293485    
        0.076   227.8302323    
        0.077   227.8302459    
        0.077   227.8311035    
        0.077   227.8311060    
        0.077   227.8311261    
        0.077   227.8319430    
        0.078   227.8319487    
        0.078   227.8319698    
        0.078   227.8327424    
        0.079   227.8327633    
        0.079   227.8335041    
        0.079   227.8335228    
        0.080   227.8335540    
        0.080   227.8342274    
        0.080   227.8342375    
        0.080   227.8342508    
        0.080   227.8348963    
        0.080   227.8349052    
        0.081   227.8349351    
        0.081   227.8355387    
        0.081   227.8355697    
        0.081   227.8356104    
        0.081   227.8361483    
        0.082   227.8361608    
        0.082   227.8361811    
        0.082   227.8366931    
        0.082   227.8367082    
        0.082   227.8367635    
        0.082   227.8372269    
        0.083   227.8372850    
        0.083   227.8373592    
        0.083   227.8377514    
        0.083   227.8377560    
        0.084   227.8377892    
        0.084   227.8381646    
        0.084   227.8382968    
        0.084   227.8386228    
        0.085   227.8387175    
        0.085   227.8389221    
        0.085   227.8391713    
        0.085   227.8392606    
        0.086   227.8393939    
        0.086   227.8396049    
        0.086   227.8396495    
        0.086   227.8399289    
        0.086   227.8401004    
        0.087   227.8404747    
        0.087   227.8413026    
        0.087   227.8414011    
        0.087   227.8418472    
        0.088   227.8425745    
        0.088   227.8426425    
        0.088   227.8449146    
        0.088   227.8539006    
        0.088   227.8539163    
        0.089   227.8976452    
        0.089
        0.089
        0.089
        0.089
        0.089
        0.089
        0.089
        0.089
        0.089
        0.089
        0.089
        0.089
        0.089
        0.089
        0.089
        0.089
        0.089
        0.089
        0.089
        0.089
        0.089
        0.089
        0.089
        0.089
        0.089
        0.089
        0.089
        0.089
        0.089
        0.089
        0.089
        0.089
        0.089
        0.089
        0.089
        0.089
