        0.000   216.7410648       351.7004218    
        0.001   216.6909928       349.4773005    
        0.001   216.6438218       347.0094464    
        0.001   216.6441530       347.0101300    
        0.001   216.6441530       347.0101300    
        0.001   216.6441530       347.0101300    
        0.001   216.6444842       347.0108136    
        0.002   216.6008021       344.2134631    
        0.003   216.5611032       340.9669501    
        0.003   216.5613693       340.9679943    
        0.003   216.5613692       340.9679872    
        0.003   216.5613691       340.9679790    
        0.003   216.5616352       340.9690231    
        0.003   216.5263253       337.0993185    
        0.004   216.4957183       332.3404050    
        0.004   216.4959052       332.3419815    
        0.004   216.4959050       332.3419455    
        0.004   216.4959046       332.3418631    
        0.004   216.4960915       332.3434395    
        0.004   216.4704124       326.2758811    
        0.005   216.4497822       318.2117217    
        0.005   216.4498851       318.2141061    
        0.005   216.4498846       318.2138413    
        0.005   216.4498836       318.2133271    
        0.005   216.4499865       318.2157113    
        0.006   216.4344226       307.0352081    
        0.006   216.4237897       291.0633323    
        0.006   216.4238184       291.0664708    
        0.006   216.4238180       291.0654678    
        0.006   216.4238156       291.0601037    
        0.006   216.4238443       291.0632420    
        0.007   216.4178285       268.7298877    
        0.008   216.4157297       239.9687222    
        0.008   216.4157247       239.9697667    
        0.008   216.4157246       239.9622844    
        0.008   216.4157242       239.9414607    
        0.008   216.4157192       239.9425035    
        0.008   216.4154895       250.4684558    
        0.009   216.4129904       348.4018533    
        0.009   216.4130827       348.4027273    
        0.009   216.4130734       348.4388040    
        0.009   216.4130599       348.4905031    
        0.009   216.4131526       348.4913685    
        0.009   216.4075081       355.3416202    
        0.010   216.3987282       356.6445770    
        0.010   216.3989430       356.6447655    
        0.010   216.3987028       356.6541539    
        0.010   216.3983415       356.6670179    
        0.010   216.3985594       356.6672044    
        0.010   216.3923368       356.7181734    
        0.011   216.3803641       356.3736544    
        0.011   216.3806533       356.3738403    
        0.011   216.3758728       356.1628533    
        0.012   216.3700995       355.8761180    
        0.012   216.3704164       355.8763218    
        0.012   216.3689979       355.8014634    
        0.012   216.3601785       355.3025325    
        0.012   216.3605161       355.3027579    
        0.012   216.3519155       354.7639196    
        0.013   216.3397454       353.9042646    
        0.013   216.3401106       353.9045437    
        0.013   216.3355956       353.5497200    
        0.013   216.3307885       353.1443159    
        0.013   216.3311602       353.1446241    
        0.014   216.3282899       352.8862631    
        0.014   216.3208128       352.1380160    
        0.014   216.3211868       352.1383629    
        0.014   216.3141956       351.2929581    
        0.015   216.3078005       350.2891717    
        0.015   216.3081658       350.2895896    
        0.015   216.3060545       349.8668863    
        0.015   216.3041939       349.4251945    
        0.015   216.3045514       349.4256457    
        0.016   216.3012895       348.3034253    
        0.016   216.3016343       348.3039199    
        0.016   216.3001153       346.8480473    
        0.017   216.3015814       345.0155319    
        0.017   216.3018821       345.0161553    
        0.017   216.3019938       344.9482748    
        0.017   216.3024944       344.6666544    
        0.017   216.3027902       344.6672916    
        0.018   216.3087372       342.3490176    
        0.018   216.3090010       342.3497477    
        0.018   216.3152158       340.5196180    
        0.019   216.3267981       337.4589833    
        0.019   216.3270025       337.4599138    
        0.019   216.3296401       336.7750069    
        0.019   216.3343607       335.5375187    
        0.019   216.3345454       335.5385293    
        0.019   216.3456568       332.4887661    
        0.020   216.3603126       327.9088348    
        0.020   216.3604376       327.9101648    
        0.020   216.3630750       326.9853732    
        0.020   216.3691608       324.6932092    
        0.020   216.3692675       324.6946712    
        0.021   216.3798670       320.0151582    
        0.021   216.3962674       309.9279966    
        0.021   216.3963210       309.9299916    
        0.021   216.4044572       302.6143634    
        0.021   216.4044955       302.6165486    
        0.022   216.4186780       281.3778334    
        0.023   216.4281310       248.9903797    
        0.023   216.4281264       248.9917842    
        0.023   216.4282561       248.1801292    
        0.023   216.4286227       245.7150906    
        0.023   216.4286175       245.7163538    
        0.023   216.4291180       241.7880329    
        0.023   216.4302306       266.3665481    
        0.023   216.4302374       266.3674297    
        0.023   216.4304223       286.9652172    
        0.024   216.4389674       326.8922727    
        0.024   216.4390416       326.8928929    
        0.024   216.4504823       330.9524908    
        0.025   216.4915007       334.2541634    
        0.025   216.4916615       334.2545778    
        0.025   216.4999981       334.5119241    
        0.025   216.5450810       335.3175454    
        0.025   216.5452800       335.3179107    
        0.025   216.5587972       335.4573413    
        0.026   216.6773969       336.0218745    
        0.026   216.6776467       336.0221835    
        0.026   216.7693616       336.1597619    
        0.027   217.0016645       336.2361048    
        0.027   217.0019700       336.2363515    
        0.027   217.0909987       336.2302465    
        0.027   217.3105965       336.1908775    
        0.027   217.3109291       336.1910908    
        0.028   217.7019132       336.1005810    
        0.028   218.3111552       335.9751402    
        0.028   218.3115320       335.9752937    
        0.028   218.3998095       335.9596612    
        0.028   218.7525921       335.9031063    
        0.028   218.7529811       335.9032434    
        0.029   219.5777040       335.8011680    
        0.029   221.7814471       335.6479315    
        0.029   221.7818928       335.6480095    
        0.029   223.2851415       335.5926765    
        0.030   225.7961901       335.5388591    
        0.030   225.7966942       335.5389063    
        0.030   232.5995775       335.4822200    
        0.030   232.6001688       335.4822457    
        0.031   277.4500607       335.4498429    
        0.031   280.0187130       335.4364615    
        0.031   280.0190464       335.4364554    
        0.031   279.7858556       335.4360425    
        0.031   278.7164733       335.4339981    
        0.031   278.7168140       335.4339919    
        0.032   261.2627665       335.3065294    
        0.032   251.8367792       334.8418011    
        0.032   251.8371057       334.8418120    
        0.033   250.7181735       334.6988210    
        0.033   249.3699363       334.4605153    
        0.033   249.3702291       334.4605361    
        0.033   247.1494321       333.7715318    
        0.034   245.3155124       332.4976760    
        0.034   245.3157050       332.4977342    
        0.034   244.9317619       332.0338944    
        0.034   244.4049512       331.1610316    
        0.034   244.4051039       331.1611090    
        0.034   243.7142941       329.1848074    
        0.035   243.1793211       325.7334669    
        0.035   243.1793887       325.7335995    
        0.035   243.0725446       324.4400899    
        0.035   242.9339613       321.9212891    
        0.035   242.9340007       321.9214477    
        0.036   242.7467632       312.8014603    
        0.036   242.7467726       312.8016558    
        0.036   242.7070172       305.0788969    
        0.037   242.6878124       214.4591079    
        0.037   70.34271766    
        0.037   70.34271766    
        0.037   70.34271766    
        0.037   70.34223408    
        0.038   70.34223408    
        0.038   70.34223408    
        0.038   70.34167321    
        0.038   70.34167321    
        0.039   70.34167321    
        0.039   70.34107750    
        0.039   70.34107750    
        0.039   70.34107750    
        0.039   70.34042365    
        0.039   70.34042365    
        0.040   70.34042365    
        0.040   70.33972639    
        0.040   70.33972639    
        0.040   70.33972639    
        0.040   70.33898047    
        0.041   70.33898047    
        0.041   70.33819560    
        0.041   70.33819560    
        0.042   70.33819560    
        0.042   70.33735666    
        0.042   70.33735666    
        0.042   70.33647224    
        0.042   70.33647224    
        0.043   70.33647224    
        0.043   70.33551338    
        0.043   70.33551338    
        0.043   70.33551338    
        0.043   70.33452430    
        0.044   70.33452430    
        0.044   70.33452430    
        0.044   70.33346119    
        0.044   70.33346119    
        0.045   70.33346119    
        0.045   70.33237566    
        0.045   70.33237566    
        0.045   70.33124294    
        0.046   70.33124294    
        0.046   70.33124294    
        0.046   70.33003522    
        0.046   70.33003522    
        0.047   70.33003522    
        0.047   70.32880865    
        0.047   70.32880865    
        0.047   70.32880865    
        0.047   70.32753481    
        0.048   70.32753481    
        0.048   70.32753481    
        0.048   70.32620122    
        0.048   70.32620122    
        0.048   70.32620122    
        0.048   70.32484471    
        0.049   70.32484471    
        0.049   70.32484471    
        0.049   70.32344356    
        0.050   70.32344356    
        0.050   70.32344356    
        0.050   70.32198259    
        0.050   70.32198259    
        0.050   70.32198259    
        0.050   70.32049696    
        0.051   70.32049696    
        0.051   70.32049696    
        0.051   70.31896935    
        0.051   70.31896935    
        0.052   70.31896935    
        0.052   70.31740275    
        0.052   70.31740275    
        0.052   70.31740275    
        0.052   70.31581562    
        0.052   70.31581562    
        0.053   70.31581562    
        0.053   70.31418795    
        0.053   70.31418795    
        0.053   70.31253604    
        0.054   70.31253604    
        0.055   70.31253604    
        0.055   70.31083289    
        0.055   70.31083289    
        0.055   70.31083289    
        0.055   70.30912254    
        0.055   70.30912254    
        0.056   70.30912254    
        0.056   70.30736695    
        0.056   70.30736695    
        0.056   70.30560510    
        0.056   70.30560510    
        0.057   70.30560510    
        0.057   70.30381206    
        0.057   70.30381206    
        0.057   70.30381206    
        0.057   70.30200260    
        0.057   70.30200260    
        0.058   70.30200260    
        0.058   70.30016986    
        0.058   70.30016986    
        0.059   70.30016986    
        0.059   70.29832107    
        0.059   70.29832107    
        0.059   70.29832107    
        0.059   70.29645214    
        0.060   70.29645214    
        0.060   70.29645214    
        0.060   70.29457019    
        0.060   70.29457019    
        0.061   70.29457019    
        0.061   70.29267678    
        0.061   70.29267678    
        0.061   70.29267678    
        0.061   70.29077637    
        0.061   70.29077637    
        0.062   70.29077637    
        0.062   70.28886477    
        0.062   70.28886477    
        0.062   70.28886477    
        0.062   70.28694968    
        0.062   70.28694968    
        0.063   70.28694968    
        0.063   70.28503099    
        0.063   70.28503099    
        0.064   70.28503099    
        0.064   70.28311036    
        0.064   70.28311036    
        0.064   70.28311036    
        0.064   70.28119040    
        0.065   70.28119040    
        0.065   70.28119040    
        0.065   70.27927416    
        0.065   70.27927416    
        0.066   70.27927416    
        0.066   70.27736246    
        0.066   70.27736246    
        0.066   70.27736246    
        0.066   70.27545879    
        0.066   70.27545879    
        0.067   70.27545879    
        0.067   70.27356246    
        0.067   70.27356246    
        0.068   70.27356246    
        0.068   70.27168560    
        0.068   70.27168560    
        0.068   70.27168560    
        0.068   70.26981527    
        0.069   70.26981527    
        0.069   70.26795815    
        0.069   70.26795815    
        0.069   70.26795815    
        0.069   70.26612360    
        0.070   70.26612360    
        0.070   70.26612360    
        0.070   70.26431767    
        0.070   70.26431767    
        0.070   70.26431767    
        0.070   70.26252629    
        0.071   70.26252629    
        0.071   70.26252629    
        0.071   70.26076371    
        0.072   70.26076371    
        0.072   70.26076371    
        0.072   70.25904076    
        0.072   70.25904076    
        0.072   70.25904076    
        0.072   70.25733976    
        0.073   70.25733976    
        0.073   70.25733976    
        0.073   70.25568505    
        0.073   70.25568505    
        0.074   70.25568505    
        0.074   70.25404770    
        0.074   70.25404770    
        0.075   70.25404770    
        0.075   70.25246632    
        0.075   70.25246632    
        0.075   70.25090315    
        0.075   70.25090315    
        0.076   70.25090315    
        0.076   70.24940991    
        0.076   70.24940991    
        0.076   70.24940991    
        0.076   70.24795113    
        0.077   70.24795113    
        0.077   70.24652774    
        0.077   70.24652774    
        0.077   70.24652774    
        0.077   70.24515996    
        0.078   70.24515996    
        0.078   70.24515996    
        0.078   70.24385381    
        0.079   70.24385381    
        0.079   70.24259247    
        0.079   70.24259247    
        0.080   70.24259247    
        0.080   70.24142777    
        0.080   70.24142777    
        0.080   70.24142777    
        0.080   70.24030373    
        0.080   70.24030373    
        0.081   70.24030373    
        0.081   70.23924162    
        0.081   70.23924162    
        0.081   70.23924162    
        0.081   70.23827837    
        0.082   70.23827837    
        0.082   70.23827837    
        0.082   70.23735481    
        0.082   70.23735481    
        0.082   70.23735481    
        0.082   70.23650633    
        0.083   70.23650633    
        0.083   70.23650633    
        0.083   70.23577084    
        0.083   70.23577084    
        0.084   70.23577084    
        0.084   70.23506236    
        0.084   70.23506236    
        0.084   70.23443483    
        0.085   70.23443483    
        0.085   70.23443483    
        0.085   70.23393690    
        0.085   70.23393690    
        0.086   70.23393690    
        0.086   70.23350564    
        0.086   70.23350564    
        0.086   70.23350564    
        0.086   70.23314511    
        0.087   70.23314511    
        0.087   70.23314511    
        0.087   70.23292245    
        0.087   70.23292245    
        0.088   70.23292245    
        0.088   70.23276148    
        0.088   70.23276148    
        0.088   70.23276148    
        0.088   70.23272109    
        0.089   70.23272109    
        0.089
        0.089
        0.089
        0.089
        0.089
        0.089
        0.089
        0.089
        0.089
        0.089
        0.089
        0.089
        0.089
        0.089
        0.089
        0.089
        0.089
        0.089
        0.089
        0.089
        0.089
        0.089
        0.089
        0.089
        0.089
        0.089
        0.089
        0.089
        0.089
        0.089
        0.089
        0.089
        0.089
        0.089
        0.089
        0.089
