        0.000  0.9499344187      0.9662660891    
        0.001  0.9500521908      0.9685490283    
        0.001  0.9501794599      0.9710963630    
        0.001  0.9501803363      0.9710928981    
        0.001  0.9501803363      0.9710928982    
        0.001  0.9501803363      0.9710928982    
        0.001  0.9501812127      0.9710894331    
        0.002  0.9503153566      0.9738814695    
        0.003  0.9504533217      0.9768948025    
        0.003  0.9504540565      0.9768917310    
        0.003  0.9504540568      0.9768917372    
        0.003  0.9504540571      0.9768917444    
        0.003  0.9504547919      0.9768886727    
        0.003  0.9505930798      0.9800843275    
        0.004  0.9507277451      0.9833786093    
        0.004  0.9507282940      0.9833761505    
        0.004  0.9507282949      0.9833761728    
        0.004  0.9507282969      0.9833762237    
        0.004  0.9507288458      0.9833737647    
        0.004  0.9508554471      0.9865786629    
        0.005  0.9509690391      0.9892419226    
        0.005  0.9509693802      0.9892404906    
        0.005  0.9509693831      0.9892405500    
        0.005  0.9509693889      0.9892406654    
        0.005  0.9509697299      0.9892392333    
        0.006  0.9510647311      0.9901905350    
        0.006  0.9511348900      0.9859656934    
        0.006  0.9511350372      0.9859662600    
        0.006  0.9511350401      0.9859657614    
        0.006  0.9511350557      0.9859630942    
        0.006  0.9511352029      0.9859636611    
        0.007  0.9511721802      0.9642977146    
        0.008  0.9511315432      0.9974604896    
        0.008  0.9511315796      0.9974571898    
        0.008  0.9511315321      0.9976401865    
        0.008  0.9511313999      0.9981515360    
        0.008  0.9511314363      0.9981482012    
        0.008  0.9511359991       1.013921536    
        0.009  0.9512074654      0.9950039197    
        0.009  0.9512076530      0.9950031480    
        0.009  0.9512077123      0.9949752795    
        0.009  0.9512077977      0.9949350514    
        0.009  0.9512079860      0.9949342714    
        0.009  0.9512280102      0.9832820088    
        0.010  0.9512475384      0.9749695621    
        0.010  0.9512479975      0.9749670146    
        0.010  0.9512485273      0.9748138474    
        0.010  0.9512493272      0.9745883234    
        0.010  0.9512497940      0.9745857488    
        0.010  0.9512643095      0.9714484419    
        0.011  0.9512980146      0.9678666931    
        0.011  0.9512986630      0.9678636746    
        0.011  0.9513147918      0.9669628017    
        0.012  0.9513366293      0.9661387443    
        0.012  0.9513373539      0.9661356266    
        0.012  0.9513431436      0.9659699662    
        0.012  0.9513832908      0.9652056221    
        0.012  0.9513840758      0.9652024583    
        0.012  0.9514310460      0.9648199040    
        0.013  0.9515141196      0.9647690523    
        0.013  0.9515149943      0.9647658903    
        0.013  0.9515520611      0.9648796069    
        0.013  0.9515962319      0.9650795644    
        0.013  0.9515971334      0.9650764357    
        0.014  0.9516262267      0.9652364137    
        0.014  0.9517141607      0.9658129249    
        0.014  0.9517150810      0.9658098583    
        0.014  0.9518198725      0.9666122511    
        0.015  0.9519495799      0.9677020365    
        0.015  0.9519504988      0.9676991124    
        0.015  0.9520062370      0.9681881443    
        0.015  0.9520648930      0.9687124833    
        0.015  0.9520658001      0.9687096320    
        0.016  0.9522154544      0.9700820877    
        0.016  0.9522163389      0.9700793334    
        0.016  0.9524082520      0.9718944401    
        0.017  0.9526398473      0.9741531414    
        0.017  0.9526406400      0.9741506713    
        0.017  0.9526489304      0.9742328843    
        0.017  0.9526830773      0.9745725245    
        0.017  0.9526838592      0.9745700838    
        0.018  0.9529485357      0.9772612860    
        0.018  0.9529492457      0.9772590357    
        0.018  0.9531361122      0.9792282498    
        0.019  0.9534052809      0.9821809228    
        0.019  0.9534058522      0.9821790416    
        0.019  0.9534590955      0.9827806229    
        0.019  0.9535493155      0.9838134088    
        0.019  0.9535498400      0.9838116610    
        0.019  0.9537424214      0.9860691708    
        0.020  0.9539663156      0.9887471142    
        0.020  0.9539666955      0.9887458447    
        0.020  0.9540041981      0.9891915093    
        0.020  0.9540880007      0.9901692491    
        0.020  0.9540883358      0.9901681620    
        0.021  0.9542261178      0.9916463811    
        0.021  0.9544213308      0.9927890204    
        0.021  0.9544215335      0.9927886872    
        0.021  0.9545106466      0.9920735791    
        0.021  0.9545108101      0.9920735953    
        0.022  0.9546512306      0.9821139846    
        0.023  0.9547162949      0.9074569079    
        0.023  0.9547163389      0.9074606043    
        0.023  0.9547163374      0.9028074594    
        0.023  0.9547156959      0.8866525456    
        0.023  0.9547157370      0.8866567060    
        0.023  0.9547123618      0.8526080951    
        0.023  0.9545310771       1.374385406    
        0.023  0.9545311272       1.374377018    
        0.023  0.9546517956       1.095487478    
        0.024  0.9548104230       1.022490887    
        0.024  0.9548105653       1.022492128    
        0.024  0.9548539144       1.017439777    
        0.025  0.9549482449       1.008808975    
        0.025  0.9549485608       1.008809416    
        0.025  0.9549646425       1.007780934    
        0.025  0.9550461579       1.003849572    
        0.025  0.9550465576       1.003849779    
        0.025  0.9550699928       1.003005204    
        0.026  0.9552688236      0.9983983552    
        0.026  0.9552693383      0.9983983438    
        0.026  0.9554199549      0.9964357081    
        0.027  0.9557974444      0.9936044545    
        0.027  0.9557980848      0.9936043041    
        0.027  0.9559415614      0.9929114288    
        0.027  0.9562924678      0.9916538781    
        0.027  0.9562931644      0.9916536948    
        0.028  0.9569062716      0.9902575857    
        0.028  0.9578297982      0.9890111224    
        0.028  0.9578305641      0.9890109320    
        0.028  0.9579611430      0.9888796743    
        0.028  0.9584749839      0.9884316322    
        0.028  0.9584757604      0.9884314484    
        0.029  0.9596292348      0.9876946352    
        0.029  0.9624246563      0.9866455572    
        0.029  0.9624254312      0.9866454170    
        0.029  0.9641326599      0.9862430541    
        0.030  0.9666971246      0.9858031311    
        0.030  0.9666978576      0.9858030226    
        0.030  0.9723331581      0.9851920055    
        0.030  0.9723338152      0.9851919214    
        0.031  0.9894216529      0.9843093151    
        0.031  0.9703420226      0.9843542513    
        0.031  0.9703423297      0.9843541976    
        0.031  0.9703233935      0.9843591252    
        0.031  0.9702064363      0.9843823407    
        0.031  0.9702067657      0.9843822858    
        0.032  0.9640935205      0.9850642680    
        0.032  0.9593312012      0.9861946944    
        0.032  0.9593317490      0.9861945893    
        0.033  0.9587528006      0.9864531987    
        0.033  0.9580579760      0.9868478754    
        0.033  0.9580584969      0.9868477551    
        0.033  0.9569291981      0.9878570002    
        0.034  0.9560212245      0.9895423895    
        0.034  0.9560216235      0.9895422254    
        0.034  0.9558349484      0.9901408447    
        0.034  0.9555800957      0.9912704574    
        0.034  0.9555804356      0.9912702796    
        0.034  0.9552442218      0.9939013255    
        0.035  0.9549667787      0.9988844023    
        0.035  0.9549669777      0.9988842285    
        0.035  0.9549048586       1.000900613    
        0.035  0.9548148408       1.005082453    
        0.035  0.9548149880       1.005082313    
        0.036  0.9546369906       1.023687325    
        0.036  0.9546370766       1.023687297    
        0.036  0.9545526096       1.046164445    
        0.037  0.9538440857       1.425294644    
        0.037  0.9827023662    
        0.037  0.9827023671    
        0.037  0.9827023723    
        0.037  0.9827019256    
        0.038  0.9827019297    
        0.038  0.9827019336    
        0.038  0.9827014371    
        0.038  0.9827014380    
        0.039  0.9827014388    
        0.039  0.9827009201    
        0.039  0.9827009208    
        0.039  0.9827009212    
        0.039  0.9827003659    
        0.039  0.9827003659    
        0.040  0.9827003656    
        0.040  0.9826997833    
        0.040  0.9826997830    
        0.040  0.9826997821    
        0.040  0.9826991698    
        0.041  0.9826991683    
        0.041  0.9826985322    
        0.041  0.9826985320    
        0.042  0.9826985297    
        0.042  0.9826978609    
        0.042  0.9826978583    
        0.042  0.9826971623    
        0.042  0.9826971608    
        0.043  0.9826971577    
        0.043  0.9826964176    
        0.043  0.9826964172    
        0.043  0.9826964156    
        0.043  0.9826956578    
        0.044  0.9826956557    
        0.044  0.9826956527    
        0.044  0.9826948521    
        0.044  0.9826948518    
        0.045  0.9826948505    
        0.045  0.9826940370    
        0.045  0.9826940337    
        0.045  0.9826931934    
        0.046  0.9826931911    
        0.046  0.9826931881    
        0.046  0.9826923058    
        0.046  0.9826923055    
        0.047  0.9826923045    
        0.047  0.9826914117    
        0.047  0.9826914112    
        0.047  0.9826914085    
        0.047  0.9826904898    
        0.048  0.9826904882    
        0.048  0.9826904857    
        0.048  0.9826895348    
        0.048  0.9826895346    
        0.048  0.9826895333    
        0.048  0.9826885701    
        0.049  0.9826885697    
        0.049  0.9826885672    
        0.049  0.9826875805    
        0.050  0.9826875788    
        0.050  0.9826875767    
        0.050  0.9826865591    
        0.050  0.9826865584    
        0.050  0.9826865576    
        0.050  0.9826855274    
        0.051  0.9826855265    
        0.051  0.9826855250    
        0.051  0.9826844738    
        0.051  0.9826844728    
        0.052  0.9826844717    
        0.052  0.9826834014    
        0.052  0.9826834012    
        0.052  0.9826834003    
        0.052  0.9826823201    
        0.052  0.9826823196    
        0.053  0.9826823181    
        0.053  0.9826812188    
        0.053  0.9826812177    
        0.053  0.9826801073    
        0.054  0.9826801063    
        0.055  0.9826801052    
        0.055  0.9826789722    
        0.055  0.9826789721    
        0.055  0.9826789719    
        0.055  0.9826778357    
        0.055  0.9826778350    
        0.056  0.9826778343    
        0.056  0.9826766796    
        0.056  0.9826766794    
        0.056  0.9826755222    
        0.056  0.9826755220    
        0.057  0.9826755215    
        0.057  0.9826743527    
        0.057  0.9826743527    
        0.057  0.9826743525    
        0.057  0.9826731779    
        0.057  0.9826731779    
        0.058  0.9826731778    
        0.058  0.9826719959    
        0.058  0.9826719959    
        0.059  0.9826719959    
        0.059  0.9826708095    
        0.059  0.9826708096    
        0.059  0.9826708099    
        0.059  0.9826696189    
        0.060  0.9826696191    
        0.060  0.9826696194    
        0.060  0.9826684263    
        0.060  0.9826684266    
        0.061  0.9826684270    
        0.061  0.9826672331    
        0.061  0.9826672332    
        0.061  0.9826672337    
        0.061  0.9826660399    
        0.061  0.9826660405    
        0.062  0.9826660414    
        0.062  0.9826648501    
        0.062  0.9826648504    
        0.062  0.9826648509    
        0.062  0.9826636615    
        0.062  0.9826636617    
        0.063  0.9826636627    
        0.063  0.9826624772    
        0.063  0.9826624778    
        0.064  0.9826624792    
        0.064  0.9826613008    
        0.064  0.9826613012    
        0.064  0.9826613022    
        0.064  0.9826601296    
        0.065  0.9826601305    
        0.065  0.9826601320    
        0.065  0.9826589697    
        0.065  0.9826589704    
        0.066  0.9826589715    
        0.066  0.9826578175    
        0.066  0.9826578184    
        0.066  0.9826578200    
        0.066  0.9826566779    
        0.066  0.9826566784    
        0.067  0.9826566798    
        0.067  0.9826555473    
        0.067  0.9826555492    
        0.068  0.9826555515    
        0.068  0.9826544412    
        0.068  0.9826544417    
        0.068  0.9826544424    
        0.068  0.9826533390    
        0.069  0.9826533413    
        0.069  0.9826522512    
        0.069  0.9826522519    
        0.069  0.9826522549    
        0.069  0.9826511864    
        0.070  0.9826511881    
        0.070  0.9826511906    
        0.070  0.9826501480    
        0.070  0.9826501485    
        0.070  0.9826501500    
        0.070  0.9826491200    
        0.071  0.9826491209    
        0.071  0.9826491237    
        0.071  0.9826481181    
        0.072  0.9826481202    
        0.072  0.9826481227    
        0.072  0.9826471495    
        0.072  0.9826471506    
        0.072  0.9826471518    
        0.072  0.9826461961    
        0.073  0.9826461983    
        0.073  0.9826462005    
        0.073  0.9826452808    
        0.073  0.9826452813    
        0.074  0.9826452823    
        0.074  0.9826443758    
        0.074  0.9826443775    
        0.075  0.9826443800    
        0.075  0.9826435153    
        0.075  0.9826435165    
        0.075  0.9826426652    
        0.075  0.9826426666    
        0.076  0.9826426686    
        0.076  0.9826418678    
        0.076  0.9826418682    
        0.076  0.9826418687    
        0.076  0.9826410923    
        0.077  0.9826410928    
        0.077  0.9826403411    
        0.077  0.9826403411    
        0.077  0.9826403407    
        0.077  0.9826396273    
        0.078  0.9826396270    
        0.078  0.9826396249    
        0.078  0.9826389533    
        0.079  0.9826389499    
        0.079  0.9826383082    
        0.079  0.9826383042    
        0.080  0.9826382955    
        0.080  0.9826377171    
        0.080  0.9826377138    
        0.080  0.9826377090    
        0.080  0.9826371567    
        0.080  0.9826371533    
        0.081  0.9826371403    
        0.081  0.9826366274    
        0.081  0.9826366118    
        0.081  0.9826365883    
        0.081  0.9826361368    
        0.082  0.9826361288    
        0.082  0.9826361153    
        0.082  0.9826356880    
        0.082  0.9826356774    
        0.082  0.9826356352    
        0.082  0.9826352530    
        0.083  0.9826352028    
        0.083  0.9826351306    
        0.083  0.9826348145    
        0.083  0.9826348098    
        0.084  0.9826347746    
        0.084  0.9826344740    
        0.084  0.9826343183    
        0.084  0.9826340632    
        0.085  0.9826339379    
        0.085  0.9826336319    
        0.085  0.9826334465    
        0.085  0.9826332993    
        0.086  0.9826330656    
        0.086  0.9826329144    
        0.086  0.9826328325    
        0.086  0.9826322824    
        0.086  0.9826321660    
        0.087  0.9826313379    
        0.087  0.9826291956    
        0.087  0.9826291403    
        0.087  0.9826278355    
        0.088  0.9826255157    
        0.088  0.9826254835    
        0.088  0.9826169618    
        0.088  0.9825702436    
        0.088  0.9825702368    
        0.089  0.9821738903    
        0.089
        0.089
        0.089
        0.089
        0.089
        0.089
        0.089
        0.089
        0.089
        0.089
        0.089
        0.089
        0.089
        0.089
        0.089
        0.089
        0.089
        0.089
        0.089
        0.089
        0.089
        0.089
        0.089
        0.089
        0.089
        0.089
        0.089
        0.089
        0.089
        0.089
        0.089
        0.089
        0.089
        0.089
        0.089
        0.089
