   0.0000000000000000        0.0000000000000000        0.0000000000000000        0.0000000000000000        0.0000000000000000     
   6.2837225356470426E-004   0.0000000000000000        0.0000000000000000        0.0000000000000000        0.0000000000000000     
   1.2567457811235557E-003   0.0000000000000000        0.0000000000000000        0.0000000000000000        0.0000000000000000     
   1.2567457811235557E-003   0.0000000000000000        0.0000000000000000        0.0000000000000000        0.0000000000000000     
   1.2567457843256401E-003   0.0000000000000000        0.0000000000000000        0.0000000000000000        0.0000000000000000     
   1.2567457888964725E-003   0.0000000000000000        0.0000000000000000        0.0000000000000000        0.0000000000000000     
   1.2567457888964725E-003   0.0000000000000000        0.0000000000000000        0.0000000000000000        0.0000000000000000     
   1.8851179785712598E-003   0.0000000000000000        0.0000000000000000        0.0000000000000000        0.0000000000000000     
   2.5134901206972245E-003   0.0000000000000000        0.0000000000000000        0.0000000000000000        0.0000000000000000     
   2.5134901206972245E-003   0.0000000000000000        0.0000000000000000        0.0000000000000000        0.0000000000000000     
   2.5134913837622968E-003   0.0000000000000000        0.0000000000000000        0.0000000000000000        0.0000000000000000     
   2.5134928344555164E-003   0.0000000000000000        0.0000000000000000        0.0000000000000000        0.0000000000000000     
   2.5134928344555164E-003   0.0000000000000000        0.0000000000000000        0.0000000000000000        0.0000000000000000     
   3.1418581483455099E-003   0.0000000000000000        0.0000000000000000        0.0000000000000000        0.0000000000000000     
   3.7702276399906552E-003   0.0000000000000000        0.0000000000000000        0.0000000000000000        0.0000000000000000     
   3.7702276399906552E-003   0.0000000000000000        0.0000000000000000        0.0000000000000000        0.0000000000000000     
   3.7702318903344279E-003   0.0000000000000000        0.0000000000000000        0.0000000000000000        0.0000000000000000     
   3.7702416074372200E-003   0.0000000000000000        0.0000000000000000        0.0000000000000000        0.0000000000000000     
   3.7702416074372200E-003   0.0000000000000000        0.0000000000000000        0.0000000000000000        0.0000000000000000     
   4.3985803474389682E-003   0.0000000000000000        0.0000000000000000        0.0000000000000000        0.0000000000000000     
   5.0269487357738809E-003   0.0000000000000000        0.0000000000000000        0.0000000000000000        0.0000000000000000     
   5.0269487357738809E-003   0.0000000000000000        0.0000000000000000        0.0000000000000000        0.0000000000000000     
   5.0269664558945477E-003   0.0000000000000000        0.0000000000000000        0.0000000000000000        0.0000000000000000     
   5.0270008628625030E-003   0.0000000000000000        0.0000000000000000        0.0000000000000000        0.0000000000000000     
   5.0270008628625030E-003   0.0000000000000000        0.0000000000000000        0.0000000000000000        0.0000000000000000     
   5.6551964119011082E-003   0.0000000000000000        0.0000000000000000        0.0000000000000000        0.0000000000000000     
   6.2835514361091437E-003   0.0000000000000000        0.0000000000000000        0.0000000000000000        0.0000000000000000     
   6.2835514361091437E-003   0.0000000000000000        0.0000000000000000        0.0000000000000000        0.0000000000000000     
   6.2835846272276570E-003   0.0000000000000000        0.0000000000000000        0.0000000000000000        0.0000000000000000     
   6.2837621196372481E-003   0.0000000000000000        0.0000000000000000        0.0000000000000000        0.0000000000000000     
   6.2837621196372481E-003   0.0000000000000000        0.0000000000000000        0.0000000000000000        0.0000000000000000     
   6.9117364872746554E-003   0.0000000000000000        0.0000000000000000        0.0000000000000000        0.0000000000000000     
   7.5400756340850434E-003   0.0000000000000000        0.0000000000000000        0.0000000000000000        0.0000000000000000     
   7.5400756340850434E-003   0.0000000000000000        0.0000000000000000        0.0000000000000000        0.0000000000000000     
   7.5402190555083175E-003   0.0000000000000000        0.0000000000000000        0.0000000000000000        0.0000000000000000     
   7.5406181355896860E-003   0.0000000000000000        0.0000000000000000        0.0000000000000000        0.0000000000000000     
   7.5406181355896860E-003   0.0000000000000000        0.0000000000000000        0.0000000000000000        0.0000000000000000     
   8.1669831285941085E-003   0.0000000000000000        0.0000000000000000        0.0000000000000000        0.0000000000000000     
   8.7952126010091038E-003   0.0000000000000000        0.0000000000000000        0.0000000000000000        0.0000000000000000     
   8.7952126010091038E-003   0.0000000000000000        0.0000000000000000        0.0000000000000000        0.0000000000000000     
   8.7966048688406118E-003   0.0000000000000000        0.0000000000000000        0.0000000000000000        0.0000000000000000     
   8.7986127676946621E-003   0.0000000000000000        0.0000000000000000        0.0000000000000000        0.0000000000000000     
   8.7986127676946621E-003   0.0000000000000000        0.0000000000000000        0.0000000000000000        0.0000000000000000     
   9.4047096215641671E-003   0.0000000000000000        0.0000000000000000        0.0000000000000000        0.0000000000000000     
   1.0031690014570521E-002   0.0000000000000000        0.0000000000000000        0.0000000000000000        0.0000000000000000     
   1.0031690014570521E-002   0.0000000000000000        0.0000000000000000        0.0000000000000000        0.0000000000000000     
   1.0046598214040948E-002   0.0000000000000000        0.0000000000000000        0.0000000000000000        0.0000000000000000     
   1.0068874485428621E-002   0.0000000000000000        0.0000000000000000        0.0000000000000000        0.0000000000000000     
   1.0068874485428621E-002   0.0000000000000000        0.0000000000000000        0.0000000000000000        0.0000000000000000     
   1.0428899843686062E-002   0.0000000000000000        0.0000000000000000        0.0000000000000000        0.0000000000000000     
   1.1042364477418295E-002   0.0000000000000000        0.0000000000000000        0.0000000000000000        0.0000000000000000     
   1.1042364477418295E-002   0.0000000000000000        0.0000000000000000        0.0000000000000000        0.0000000000000000     
   1.1270598997591879E-002   0.0000000000000000        0.0000000000000000        0.0000000000000000        0.0000000000000000     
   1.1538946963059047E-002   0.0000000000000000        0.0000000000000000        0.0000000000000000        0.0000000000000000     
   1.1538946963059047E-002   0.0000000000000000        0.0000000000000000        0.0000000000000000        0.0000000000000000     
   1.1604002030097125E-002   0.0000000000000000        0.0000000000000000        0.0000000000000000        0.0000000000000000     
   1.2004140101378083E-002   0.0000000000000000        0.0000000000000000        0.0000000000000000        0.0000000000000000     
   1.2004140101378083E-002   0.0000000000000000        0.0000000000000000        0.0000000000000000        0.0000000000000000     
   1.2392990623533049E-002   0.0000000000000000        0.0000000000000000        0.0000000000000000        0.0000000000000000     
   1.2956308379664714E-002   0.0000000000000000        0.0000000000000000        0.0000000000000000        0.0000000000000000     
   1.2956308379664714E-002   0.0000000000000000        0.0000000000000000        0.0000000000000000        0.0000000000000000     
   1.3173730356951642E-002   0.0000000000000000        0.0000000000000000        0.0000000000000000        0.0000000000000000     
   1.3413252748904394E-002   0.0000000000000000        0.0000000000000000        0.0000000000000000        0.0000000000000000     
   1.3413252748904394E-002   0.0000000000000000        0.0000000000000000        0.0000000000000000        0.0000000000000000     
   1.3561379493217694E-002   0.0000000000000000        0.0000000000000000        0.0000000000000000        0.0000000000000000     
   1.3972330410444751E-002   0.0000000000000000        0.0000000000000000        0.0000000000000000        0.0000000000000000     
   1.3972330410444751E-002   0.0000000000000000        0.0000000000000000        0.0000000000000000        0.0000000000000000     
   1.4407383751476412E-002   0.0000000000000000        0.0000000000000000        0.0000000000000000        0.0000000000000000     
   1.4887629876295719E-002   0.0000000000000000        0.0000000000000000        0.0000000000000000        0.0000000000000000     
   1.4887629876295719E-002   0.0000000000000000        0.0000000000000000        0.0000000000000000        0.0000000000000000     
   1.5078925149339372E-002   0.0000000000000000        0.0000000000000000        0.0000000000000000        0.0000000000000000     
   1.5272244610922006E-002   0.0000000000000000        0.0000000000000000        0.0000000000000000        0.0000000000000000     
   1.5272244610922006E-002   0.0000000000000000        0.0000000000000000        0.0000000000000000        0.0000000000000000     
   1.5734797569140955E-002   0.0000000000000000        0.0000000000000000        0.0000000000000000        0.0000000000000000     
   1.5734797569140955E-002   0.0000000000000000        0.0000000000000000        0.0000000000000000        0.0000000000000000     
   1.6278236411842228E-002   0.0000000000000000        0.0000000000000000        0.0000000000000000        0.0000000000000000     
   1.6881134031566814E-002   0.0000000000000000        0.0000000000000000        0.0000000000000000        0.0000000000000000     
   1.6881134031566814E-002   0.0000000000000000        0.0000000000000000        0.0000000000000000        0.0000000000000000     
   1.6901880957125345E-002   0.0000000000000000        0.0000000000000000        0.0000000000000000        0.0000000000000000     
   1.6986815061378616E-002   0.0000000000000000        0.0000000000000000        0.0000000000000000        0.0000000000000000     
   1.6986815061378616E-002   0.0000000000000000        0.0000000000000000        0.0000000000000000        0.0000000000000000     
   1.7621152211959690E-002   0.0000000000000000        0.0000000000000000        0.0000000000000000        0.0000000000000000     
   1.7621152211959690E-002   0.0000000000000000        0.0000000000000000        0.0000000000000000        0.0000000000000000     
   1.8049850410446662E-002   0.0000000000000000        0.0000000000000000        0.0000000000000000        0.0000000000000000     
   1.8651512060292690E-002   0.0000000000000000        0.0000000000000000        0.0000000000000000        0.0000000000000000     
   1.8651512060292690E-002   0.0000000000000000        0.0000000000000000        0.0000000000000000        0.0000000000000000     
   1.8769424161571548E-002   0.0000000000000000        0.0000000000000000        0.0000000000000000        0.0000000000000000     
   1.8969098801425506E-002   0.0000000000000000        0.0000000000000000        0.0000000000000000        0.0000000000000000     
   1.8969098801425506E-002   0.0000000000000000        0.0000000000000000        0.0000000000000000        0.0000000000000000     
   1.9397513319727423E-002   0.0000000000000000        0.0000000000000000        0.0000000000000000        0.0000000000000000     
   1.9907974172914341E-002   0.0000000000000000        0.0000000000000000        0.0000000000000000        0.0000000000000000     
   1.9907974172914341E-002   0.0000000000000000        0.0000000000000000        0.0000000000000000        0.0000000000000000     
   1.9995839819556972E-002   0.0000000000000000        0.0000000000000000        0.0000000000000000        0.0000000000000000     
   2.0195797784527587E-002   0.0000000000000000        0.0000000000000000        0.0000000000000000        0.0000000000000000     
   2.0195797784527587E-002   0.0000000000000000        0.0000000000000000        0.0000000000000000        0.0000000000000000     
   2.0539291818354382E-002   0.0000000000000000        0.0000000000000000        0.0000000000000000        0.0000000000000000     
   2.1079799475125571E-002   0.0000000000000000        0.0000000000000000        0.0000000000000000        0.0000000000000000     
   2.1079799475125571E-002   0.0000000000000000        0.0000000000000000        0.0000000000000000        0.0000000000000000     
   2.1365916112881578E-002   0.0000000000000000        0.0000000000000000        0.0000000000000000        0.0000000000000000     
   2.1365916112881578E-002   0.0000000000000000        0.0000000000000000        0.0000000000000000        0.0000000000000000     
   2.1949728362449114E-002   0.0000000000000000        0.0000000000000000        0.0000000000000000        0.0000000000000000     
   2.2576864920395592E-002   0.0000000000000000        0.0000000000000000        0.0000000000000000        0.0000000000000000     
   2.2576864920395592E-002   0.0000000000000000        0.0000000000000000        0.0000000000000000        0.0000000000000000     
   2.2591525605237649E-002   0.0000000000000000        0.0000000000000000        0.0000000000000000        0.0000000000000000     
   2.2636084828490746E-002   0.0000000000000000        0.0000000000000000        0.0000000000000000        0.0000000000000000     
   2.2636084828490746E-002   0.0000000000000000        0.0000000000000000        0.0000000000000000        0.0000000000000000     
   2.2707351644924285E-002   0.0000000000000000        0.0000000000000000        0.0000000000000000        0.0000000000000000     
   2.3321063862470310E-002   0.0000000000000000        0.0000000000000000        0.0000000000000000        0.0000000000000000     
   2.3321063862470310E-002   0.0000000000000000        0.0000000000000000        0.0000000000000000        0.0000000000000000     
   2.3398454820002149E-002   0.0000000000000000        0.0000000000000000        0.0000000000000000        0.0000000000000000     
   2.3955560826223844E-002   0.0000000000000000        0.0000000000000000        0.0000000000000000        0.0000000000000000     
   2.3955560826223844E-002   0.0000000000000000        0.0000000000000000        0.0000000000000000        0.0000000000000000     
   2.4243208076581587E-002   0.0000000000000000        0.0000000000000000        0.0000000000000000        0.0000000000000000     
   2.4794194710838220E-002   0.0000000000000000        0.0000000000000000        0.0000000000000000        0.0000000000000000     
   2.4794194710838220E-002   0.0000000000000000        0.0000000000000000        0.0000000000000000        0.0000000000000000     
   2.4872633503070677E-002   0.0000000000000000        0.0000000000000000        0.0000000000000000        0.0000000000000000     
   2.5213354247031066E-002   0.0000000000000000        0.0000000000000000        0.0000000000000000        0.0000000000000000     
   2.5213354247031066E-002   0.0000000000000000        0.0000000000000000        0.0000000000000000        0.0000000000000000     
   2.5296980547514974E-002   0.0000000000000000        0.0000000000000000        0.0000000000000000        0.0000000000000000     
   2.5846915379514591E-002   0.0000000000000000        0.0000000000000000        0.0000000000000000        0.0000000000000000     
   2.5846915379514591E-002   0.0000000000000000        0.0000000000000000        0.0000000000000000        0.0000000000000000     
   2.6147813763240619E-002   0.0000000000000000        0.0000000000000000        0.0000000000000000        0.0000000000000000     
   2.6692559885146402E-002   0.0000000000000000        0.0000000000000000        0.0000000000000000        0.0000000000000000     
   2.6692559885146402E-002   0.0000000000000000        0.0000000000000000        0.0000000000000000        0.0000000000000000     
   2.6852909597251968E-002   0.0000000000000000        0.0000000000000000        0.0000000000000000        0.0000000000000000     
   2.7180384106414945E-002   0.0000000000000000        0.0000000000000000        0.0000000000000000        0.0000000000000000     
   2.7180384106414945E-002   0.0000000000000000        0.0000000000000000        0.0000000000000000        0.0000000000000000     
   2.7613367358519495E-002   0.0000000000000000        0.0000000000000000        0.0000000000000000        0.0000000000000000     
   2.8081390729033089E-002   0.0000000000000000        0.0000000000000000        0.0000000000000000        0.0000000000000000     
   2.8081390729033089E-002   0.0000000000000000        0.0000000000000000        0.0000000000000000        0.0000000000000000     
   2.8136080669043211E-002   0.0000000000000000        0.0000000000000000        0.0000000000000000        0.0000000000000000     
   2.8331470108357917E-002   0.0000000000000000        0.0000000000000000        0.0000000000000000        0.0000000000000000     
   2.8331470108357917E-002   0.0000000000000000        0.0000000000000000        0.0000000000000000        0.0000000000000000     
   2.8684148130663549E-002   0.0000000000000000        0.0000000000000000        0.0000000000000000        0.0000000000000000     
   2.9257831093199019E-002   0.0000000000000000        0.0000000000000000        0.0000000000000000        0.0000000000000000     
   2.9257831093199019E-002   0.0000000000000000        0.0000000000000000        0.0000000000000000        0.0000000000000000     
   2.9499351155619597E-002   0.0000000000000000        0.0000000000000000        0.0000000000000000        0.0000000000000000     
   2.9775045792031780E-002   0.0000000000000000        0.0000000000000000        0.0000000000000000        0.0000000000000000     
   2.9775045792031780E-002   0.0000000000000000        0.0000000000000000        0.0000000000000000        0.0000000000000000     
   3.0174538969860609E-002   0.0000000000000000        0.0000000000000000        0.0000000000000000        0.0000000000000000     
   3.0174538969860609E-002   0.0000000000000000        0.0000000000000000        0.0000000000000000        0.0000000000000000     
   3.0786638963000643E-002   0.0000000000000000        0.0000000000000000        0.0000000000000000        0.0000000000000000     
   3.1402372197240597E-002   0.0000000000000000        0.0000000000000000        0.0000000000000000        0.0000000000000000     
   3.1402372197240597E-002   0.0000000000000000        0.0000000000000000        0.0000000000000000        0.0000000000000000     
   3.1405819079752977E-002   0.0000000000000000        0.0000000000000000        0.0000000000000000        0.0000000000000000     
   3.1422091550648949E-002   0.0000000000000000        0.0000000000000000        0.0000000000000000        0.0000000000000000     
   3.1422091550648949E-002   0.0000000000000000        0.0000000000000000        0.0000000000000000        0.0000000000000000     
   3.1871225236551420E-002   0.0000000000000000        0.0000000000000000        0.0000000000000000        0.0000000000000000     
   3.2496151229943974E-002   0.0000000000000000        0.0000000000000000        0.0000000000000000        0.0000000000000000     
   3.2496151229943974E-002   0.0000000000000000        0.0000000000000000        0.0000000000000000        0.0000000000000000     
   3.2621534056404021E-002   0.0000000000000000        0.0000000000000000        0.0000000000000000        0.0000000000000000     
   3.2800773254604634E-002   0.0000000000000000        0.0000000000000000        0.0000000000000000        0.0000000000000000     
   3.2800773254604634E-002   0.0000000000000000        0.0000000000000000        0.0000000000000000        0.0000000000000000     
   3.3197344375594649E-002   0.0000000000000000        0.0000000000000000        0.0000000000000000        0.0000000000000000     
   3.3700334441106435E-002   0.0000000000000000        0.0000000000000000        0.0000000000000000        0.0000000000000000     
   3.3700334441106435E-002   0.0000000000000000        0.0000000000000000        0.0000000000000000        0.0000000000000000     
   3.3843058782012242E-002   0.0000000000000000        0.0000000000000000        0.0000000000000000        0.0000000000000000     
   3.4074860446354965E-002   0.0000000000000000        0.0000000000000000        0.0000000000000000        0.0000000000000000     
   3.4074860446354965E-002   0.0000000000000000        0.0000000000000000        0.0000000000000000        0.0000000000000000     
   3.4481054816088354E-002   0.0000000000000000        0.0000000000000000        0.0000000000000000        0.0000000000000000     
   3.4966703534293993E-002   0.0000000000000000        0.0000000000000000        0.0000000000000000        0.0000000000000000     
   3.4966703534293993E-002   0.0000000000000000        0.0000000000000000        0.0000000000000000        0.0000000000000000     
   3.5104197479803187E-002   0.0000000000000000        0.0000000000000000        0.0000000000000000        0.0000000000000000     
   3.5326375957040031E-002   0.0000000000000000        0.0000000000000000        0.0000000000000000        0.0000000000000000     
   3.5326375957040031E-002   0.0000000000000000        0.0000000000000000        0.0000000000000000        0.0000000000000000     
   3.5834161930388631E-002   0.0000000000000000        0.0000000000000000        0.0000000000000000        0.0000000000000000     
   3.5834161930388631E-002   0.0000000000000000        0.0000000000000000        0.0000000000000000        0.0000000000000000     
   3.6076484578847864E-002   0.0000000000000000        0.0000000000000000        0.0000000000000000        0.0000000000000000     
   3.6695085822122275E-002   0.0000000000000000        0.0000000000000000        0.0000000000000000        0.0000000000000000     
   3.6695085822122275E-002   0.0000000000000000        0.0000000000000000        0.0000000000000000        0.0000000000000000     
   3.6754741018640034E-002   0.0000000000000000        0.0000000000000000        0.0000000000000000        0.0000000000000000     
   3.7133656308140757E-002   0.0000000000000000        0.0000000000000000        0.0000000000000000        0.0000000000000000     
   3.7133656308140757E-002   0.0000000000000000        0.0000000000000000        0.0000000000000000        0.0000000000000000     
   3.7535339343967876E-002   0.0000000000000000        0.0000000000000000        0.0000000000000000        0.0000000000000000     
   3.8104058152840771E-002   0.0000000000000000        0.0000000000000000        0.0000000000000000        0.0000000000000000     
   3.8104058152840771E-002   0.0000000000000000        0.0000000000000000        0.0000000000000000        0.0000000000000000     
   3.8310324531878506E-002   0.0000000000000000        0.0000000000000000        0.0000000000000000        0.0000000000000000     
   3.8537012875515440E-002   0.0000000000000000        0.0000000000000000        0.0000000000000000        0.0000000000000000     
   3.8537012875515440E-002   0.0000000000000000        0.0000000000000000        0.0000000000000000        0.0000000000000000     
   3.8833796253643561E-002   0.0000000000000000        0.0000000000000000        0.0000000000000000        0.0000000000000000     
   3.9255903033643035E-002   0.0000000000000000        0.0000000000000000        0.0000000000000000        0.0000000000000000     
   3.9255903033643035E-002   0.0000000000000000        0.0000000000000000        0.0000000000000000        0.0000000000000000     
   3.9459116672002567E-002   0.0000000000000000        0.0000000000000000        0.0000000000000000        0.0000000000000000     
   3.9790705982412113E-002   0.0000000000000000        0.0000000000000000        0.0000000000000000        0.0000000000000000     
   3.9790705982412113E-002   0.0000000000000000        0.0000000000000000        0.0000000000000000        0.0000000000000000     
   3.9964961022031217E-002   0.0000000000000000        0.0000000000000000        0.0000000000000000        0.0000000000000000     
   4.0390120389590521E-002   0.0000000000000000        0.0000000000000000        0.0000000000000000        0.0000000000000000     
   4.0390120389590521E-002   0.0000000000000000        0.0000000000000000        0.0000000000000000        0.0000000000000000     
   4.0870588093918123E-002   0.0000000000000000        0.0000000000000000        0.0000000000000000        0.0000000000000000     
   4.0870588093918123E-002   0.0000000000000000        0.0000000000000000        0.0000000000000000        0.0000000000000000     
   4.0937552711774391E-002   0.0000000000000000        0.0000000000000000        0.0000000000000000        0.0000000000000000     
   4.1539576120242408E-002   0.0000000000000000        0.0000000000000000        0.0000000000000000        0.0000000000000000     
   4.1539576120242408E-002   0.0000000000000000        0.0000000000000000        0.0000000000000000        0.0000000000000000     
   4.2105577539710254E-002   0.0000000000000000        0.0000000000000000        0.0000000000000000        0.0000000000000000     
   4.2105577539710254E-002   0.0000000000000000        0.0000000000000000        0.0000000000000000        0.0000000000000000     
   4.2416983825199157E-002   0.0000000000000000        0.0000000000000000        0.0000000000000000        0.0000000000000000     
   4.3040763402622209E-002   0.0000000000000000        0.0000000000000000        0.0000000000000000        0.0000000000000000     
   4.3040763402622209E-002   0.0000000000000000        0.0000000000000000        0.0000000000000000        0.0000000000000000     
   4.3107403721441201E-002   0.0000000000000000        0.0000000000000000        0.0000000000000000        0.0000000000000000     
   4.3424369950505845E-002   0.0000000000000000        0.0000000000000000        0.0000000000000000        0.0000000000000000     
   4.3424369950505845E-002   0.0000000000000000        0.0000000000000000        0.0000000000000000        0.0000000000000000     
   4.3815138806281677E-002   0.0000000000000000        0.0000000000000000        0.0000000000000000        0.0000000000000000     
   4.4376871526512242E-002   0.0000000000000000        0.0000000000000000        0.0000000000000000        0.0000000000000000     
   4.4376871526512242E-002   0.0000000000000000        0.0000000000000000        0.0000000000000000        0.0000000000000000     
   4.4431922874394111E-002   0.0000000000000000        0.0000000000000000        0.0000000000000000        0.0000000000000000     
   4.4669526746370057E-002   0.0000000000000000        0.0000000000000000        0.0000000000000000        0.0000000000000000     
   4.4669526746370057E-002   0.0000000000000000        0.0000000000000000        0.0000000000000000        0.0000000000000000     
   4.5292401551697850E-002   0.0000000000000000        0.0000000000000000        0.0000000000000000        0.0000000000000000     
   4.5292401551697850E-002   0.0000000000000000        0.0000000000000000        0.0000000000000000        0.0000000000000000     
   4.5726750465660049E-002   0.0000000000000000        0.0000000000000000        0.0000000000000000        0.0000000000000000     
   4.6305570194694987E-002   0.0000000000000000        0.0000000000000000        0.0000000000000000        0.0000000000000000     
   4.6305570194694987E-002   0.0000000000000000        0.0000000000000000        0.0000000000000000        0.0000000000000000     
   4.6371706799707785E-002   0.0000000000000000        0.0000000000000000        0.0000000000000000        0.0000000000000000     
   4.6565730241412293E-002   0.0000000000000000        0.0000000000000000        0.0000000000000000        0.0000000000000000     
   4.6565730241412293E-002   0.0000000000000000        0.0000000000000000        0.0000000000000000        0.0000000000000000     
   4.6665648821812428E-002   0.0000000000000000        0.0000000000000000        0.0000000000000000        0.0000000000000000     
   4.7227884726226868E-002   0.0000000000000000        0.0000000000000000        0.0000000000000000        0.0000000000000000     
   4.7227884726226868E-002   0.0000000000000000        0.0000000000000000        0.0000000000000000        0.0000000000000000     
   4.7560961714389123E-002   0.0000000000000000        0.0000000000000000        0.0000000000000000        0.0000000000000000     
   4.8089416884066746E-002   0.0000000000000000        0.0000000000000000        0.0000000000000000        0.0000000000000000     
   4.8089416884066746E-002   0.0000000000000000        0.0000000000000000        0.0000000000000000        0.0000000000000000     
   4.8133226108531157E-002   0.0000000000000000        0.0000000000000000        0.0000000000000000        0.0000000000000000     
   4.8428521891215055E-002   0.0000000000000000        0.0000000000000000        0.0000000000000000        0.0000000000000000     
   4.8428521891215055E-002   0.0000000000000000        0.0000000000000000        0.0000000000000000        0.0000000000000000     
   4.8518791625922250E-002   0.0000000000000000        0.0000000000000000        0.0000000000000000        0.0000000000000000     
   4.9103355113217173E-002   0.0000000000000000        0.0000000000000000        0.0000000000000000        0.0000000000000000     
   4.9103355113217173E-002   0.0000000000000000        0.0000000000000000        0.0000000000000000        0.0000000000000000     
   4.9505514797422975E-002   0.0000000000000000        0.0000000000000000        0.0000000000000000        0.0000000000000000     
   5.0043618239775940E-002   0.0000000000000000        0.0000000000000000        0.0000000000000000        0.0000000000000000     
   5.0043618239775940E-002   0.0000000000000000        0.0000000000000000        0.0000000000000000        0.0000000000000000     
   5.0219328225395266E-002   0.0000000000000000        0.0000000000000000        0.0000000000000000        0.0000000000000000     
   5.0445540924698662E-002   0.0000000000000000        0.0000000000000000        0.0000000000000000        0.0000000000000000     
   5.0445540924698662E-002   0.0000000000000000        0.0000000000000000        0.0000000000000000        0.0000000000000000     
   5.0698301148775625E-002   0.0000000000000000        0.0000000000000000        0.0000000000000000        0.0000000000000000     
   5.1150963745726835E-002   0.0000000000000000        0.0000000000000000        0.0000000000000000        0.0000000000000000     
   5.1150963745726835E-002   0.0000000000000000        0.0000000000000000        0.0000000000000000        0.0000000000000000     
   5.1459045865619293E-002   0.0000000000000000        0.0000000000000000        0.0000000000000000        0.0000000000000000     
   5.1834658550921710E-002   0.0000000000000000        0.0000000000000000        0.0000000000000000        0.0000000000000000     
   5.1834658550921710E-002   0.0000000000000000        0.0000000000000000        0.0000000000000000        0.0000000000000000     
   5.1887231989909799E-002   0.0000000000000000        0.0000000000000000        0.0000000000000000        0.0000000000000000     
   5.2207523530621580E-002   0.0000000000000000        0.0000000000000000        0.0000000000000000        0.0000000000000000     
   5.2207523530621580E-002   0.0000000000000000        0.0000000000000000        0.0000000000000000        0.0000000000000000     
   5.2397751788904011E-002   0.0000000000000000        0.0000000000000000        0.0000000000000000        0.0000000000000000     
   5.2973551112909439E-002   0.0000000000000000        0.0000000000000000        0.0000000000000000        0.0000000000000000     
   5.2973551112909439E-002   0.0000000000000000        0.0000000000000000        0.0000000000000000        0.0000000000000000     
   5.3453663605930075E-002   0.0000000000000000        0.0000000000000000        0.0000000000000000        0.0000000000000000     
   5.3453663605930075E-002   0.0000000000000000        0.0000000000000000        0.0000000000000000        0.0000000000000000     
   5.3949276871496615E-002   0.0000000000000000        0.0000000000000000        0.0000000000000000        0.0000000000000000     
   5.4535681642795021E-002   0.0000000000000000        0.0000000000000000        0.0000000000000000        0.0000000000000000     
   5.4535681642795021E-002   0.0000000000000000        0.0000000000000000        0.0000000000000000        0.0000000000000000     
   5.4564374349140875E-002   0.0000000000000000        0.0000000000000000        0.0000000000000000        0.0000000000000000     
   5.4697134383263075E-002   0.0000000000000000        0.0000000000000000        0.0000000000000000        0.0000000000000000     
   5.4697134383263075E-002   0.0000000000000000        0.0000000000000000        0.0000000000000000        0.0000000000000000     
   5.5170577362432152E-002   0.0000000000000000        0.0000000000000000        0.0000000000000000        0.0000000000000000     
   5.5770257418828850E-002   0.0000000000000000        0.0000000000000000        0.0000000000000000        0.0000000000000000     
   5.5770257418828850E-002   0.0000000000000000        0.0000000000000000        0.0000000000000000        0.0000000000000000     
   5.5929746096416988E-002   0.0000000000000000        0.0000000000000000        0.0000000000000000        0.0000000000000000     
   5.5929746096416988E-002   0.0000000000000000        0.0000000000000000        0.0000000000000000        0.0000000000000000     
   5.6143283393809286E-002   0.0000000000000000        0.0000000000000000        0.0000000000000000        0.0000000000000000     
   5.6767097644820380E-002   0.0000000000000000        0.0000000000000000        0.0000000000000000        0.0000000000000000     
   5.6767097644820380E-002   0.0000000000000000        0.0000000000000000        0.0000000000000000        0.0000000000000000     
   5.6832477786021303E-002   0.0000000000000000        0.0000000000000000        0.0000000000000000        0.0000000000000000     
   5.7247313389859528E-002   0.0000000000000000        0.0000000000000000        0.0000000000000000        0.0000000000000000     
   5.7247313389859528E-002   0.0000000000000000        0.0000000000000000        0.0000000000000000        0.0000000000000000     
   5.7425260713687032E-002   0.0000000000000000        0.0000000000000000        0.0000000000000000        0.0000000000000000     
   5.7988253464467857E-002   0.0000000000000000        0.0000000000000000        0.0000000000000000        0.0000000000000000     
   5.7988253464467857E-002   0.0000000000000000        0.0000000000000000        0.0000000000000000        0.0000000000000000     
   5.8104898571393740E-002   0.0000000000000000        0.0000000000000000        0.0000000000000000        0.0000000000000000     
   5.8555324141738453E-002   0.0000000000000000        0.0000000000000000        0.0000000000000000        0.0000000000000000     
   5.8555324141738453E-002   0.0000000000000000        0.0000000000000000        0.0000000000000000        0.0000000000000000     
   5.8848695374669788E-002   0.0000000000000000        0.0000000000000000        0.0000000000000000        0.0000000000000000     
   5.9360423164137484E-002   0.0000000000000000        0.0000000000000000        0.0000000000000000        0.0000000000000000     
   5.9360423164137484E-002   0.0000000000000000        0.0000000000000000        0.0000000000000000        0.0000000000000000     
   5.9630294822307889E-002   0.0000000000000000        0.0000000000000000        0.0000000000000000        0.0000000000000000     
   5.9965296485922581E-002   0.0000000000000000        0.0000000000000000        0.0000000000000000        0.0000000000000000     
   5.9965296485922581E-002   0.0000000000000000        0.0000000000000000        0.0000000000000000        0.0000000000000000     
   6.0228206192571437E-002   0.0000000000000000        0.0000000000000000        0.0000000000000000        0.0000000000000000     
   6.0586707431960277E-002   0.0000000000000000        0.0000000000000000        0.0000000000000000        0.0000000000000000     
   6.0586707431960277E-002   0.0000000000000000        0.0000000000000000        0.0000000000000000        0.0000000000000000     
   6.0666886917920937E-002   0.0000000000000000        0.0000000000000000        0.0000000000000000        0.0000000000000000     
   6.1032350094316921E-002   0.0000000000000000        0.0000000000000000        0.0000000000000000        0.0000000000000000     
   6.1032350094316921E-002   0.0000000000000000        0.0000000000000000        0.0000000000000000        0.0000000000000000     
   6.1397661270253284E-002   0.0000000000000000        0.0000000000000000        0.0000000000000000        0.0000000000000000     
   6.1945854731110743E-002   0.0000000000000000        0.0000000000000000        0.0000000000000000        0.0000000000000000     
   6.1945854731110743E-002   0.0000000000000000        0.0000000000000000        0.0000000000000000        0.0000000000000000     
   6.2082551921692403E-002   0.0000000000000000        0.0000000000000000        0.0000000000000000        0.0000000000000000     
   6.2345613600478487E-002   0.0000000000000000        0.0000000000000000        0.0000000000000000        0.0000000000000000     
   6.2345613600478487E-002   0.0000000000000000        0.0000000000000000        0.0000000000000000        0.0000000000000000     
   6.2442811885767606E-002   0.0000000000000000        0.0000000000000000        0.0000000000000000        0.0000000000000000     
   6.2934487581557980E-002   0.0000000000000000        0.0000000000000000        0.0000000000000000        0.0000000000000000     
   6.2934487581557980E-002   0.0000000000000000        0.0000000000000000        0.0000000000000000        0.0000000000000000     
   6.3209776777407981E-002   0.0000000000000000        0.0000000000000000        0.0000000000000000        0.0000000000000000     
   6.3740951517796879E-002   0.0000000000000000        0.0000000000000000        0.0000000000000000        0.0000000000000000     
   6.3740951517796879E-002   0.0000000000000000        0.0000000000000000        0.0000000000000000        0.0000000000000000     
   6.3908122924417263E-002   0.0000000000000000        0.0000000000000000        0.0000000000000000        0.0000000000000000     
   6.4261206575664503E-002   0.0000000000000000        0.0000000000000000        0.0000000000000000        0.0000000000000000     
   6.4261206575664503E-002   0.0000000000000000        0.0000000000000000        0.0000000000000000        0.0000000000000000     
   6.4568193804949478E-002   0.0000000000000000        0.0000000000000000        0.0000000000000000        0.0000000000000000     
   6.5029395647409061E-002   0.0000000000000000        0.0000000000000000        0.0000000000000000        0.0000000000000000     
   6.5029395647409061E-002   0.0000000000000000        0.0000000000000000        0.0000000000000000        0.0000000000000000     
   6.5241197003993237E-002   0.0000000000000000        0.0000000000000000        0.0000000000000000        0.0000000000000000     
   6.5562582573765987E-002   0.0000000000000000        0.0000000000000000        0.0000000000000000        0.0000000000000000     
   6.5562582573765987E-002   0.0000000000000000        0.0000000000000000        0.0000000000000000        0.0000000000000000     
   6.5818244960246630E-002   0.0000000000000000        0.0000000000000000        0.0000000000000000        0.0000000000000000     
   6.6234816850765141E-002   0.0000000000000000        0.0000000000000000        0.0000000000000000        0.0000000000000000     
   6.6234816850765141E-002   0.0000000000000000        0.0000000000000000        0.0000000000000000        0.0000000000000000     
   6.6342342611124760E-002   0.0000000000000000        0.0000000000000000        0.0000000000000000        0.0000000000000000     
   6.6715052592395546E-002   0.0000000000000000        0.0000000000000000        0.0000000000000000        0.0000000000000000     
   6.6715052592395546E-002   0.0000000000000000        0.0000000000000000        0.0000000000000000        0.0000000000000000     
   6.7189250973670511E-002   0.0000000000000000        0.0000000000000000        0.0000000000000000        0.0000000000000000     
   6.7710102472991932E-002   0.0000000000000000        0.0000000000000000        0.0000000000000000        0.0000000000000000     
   6.7710102472991932E-002   0.0000000000000000        0.0000000000000000        0.0000000000000000        0.0000000000000000     
   6.7834779423107908E-002   0.0000000000000000        0.0000000000000000        0.0000000000000000        0.0000000000000000     
   6.7988949936693202E-002   0.0000000000000000        0.0000000000000000        0.0000000000000000        0.0000000000000000     
   6.7988949936693202E-002   0.0000000000000000        0.0000000000000000        0.0000000000000000        0.0000000000000000     
   6.8502572176503546E-002   0.0000000000000000        0.0000000000000000        0.0000000000000000        0.0000000000000000     
   6.8502572176503546E-002   0.0000000000000000        0.0000000000000000        0.0000000000000000        0.0000000000000000     
   6.8647508969327170E-002   0.0000000000000000        0.0000000000000000        0.0000000000000000        0.0000000000000000     
   6.9265956031977535E-002   0.0000000000000000        0.0000000000000000        0.0000000000000000        0.0000000000000000     
   6.9265956031977535E-002   0.0000000000000000        0.0000000000000000        0.0000000000000000        0.0000000000000000     
   6.9614650664758193E-002   0.0000000000000000        0.0000000000000000        0.0000000000000000        0.0000000000000000     
   7.0098085701223362E-002   0.0000000000000000        0.0000000000000000        0.0000000000000000        0.0000000000000000     
   7.0098085701223362E-002   0.0000000000000000        0.0000000000000000        0.0000000000000000        0.0000000000000000     
   7.0199252713197560E-002   0.0000000000000000        0.0000000000000000        0.0000000000000000        0.0000000000000000     
   7.0478931007398063E-002   0.0000000000000000        0.0000000000000000        0.0000000000000000        0.0000000000000000     
   7.0478931007398063E-002   0.0000000000000000        0.0000000000000000        0.0000000000000000        0.0000000000000000     
   7.0645588500843057E-002   0.0000000000000000        0.0000000000000000        0.0000000000000000        0.0000000000000000     
   7.1172794305377513E-002   0.0000000000000000        0.0000000000000000        0.0000000000000000        0.0000000000000000     
   7.1172794305377513E-002   0.0000000000000000        0.0000000000000000        0.0000000000000000        0.0000000000000000     
   7.1565899276377562E-002   0.0000000000000000        0.0000000000000000        0.0000000000000000        0.0000000000000000     
   7.2027614693291386E-002   0.0000000000000000        0.0000000000000000        0.0000000000000000        0.0000000000000000     
   7.2027614693291386E-002   0.0000000000000000        0.0000000000000000        0.0000000000000000        0.0000000000000000     
   7.2227271129660223E-002   0.0000000000000000        0.0000000000000000        0.0000000000000000        0.0000000000000000     
   7.2462539110306229E-002   0.0000000000000000        0.0000000000000000        0.0000000000000000        0.0000000000000000     
   7.2462539110306229E-002   0.0000000000000000        0.0000000000000000        0.0000000000000000        0.0000000000000000     
   7.2881798194566083E-002   0.0000000000000000        0.0000000000000000        0.0000000000000000        0.0000000000000000     
   7.3310514582714467E-002   0.0000000000000000        0.0000000000000000        0.0000000000000000        0.0000000000000000     
   7.3310514582714467E-002   0.0000000000000000        0.0000000000000000        0.0000000000000000        0.0000000000000000     
   7.3398972022848799E-002   0.0000000000000000        0.0000000000000000        0.0000000000000000        0.0000000000000000     
   7.3608085900032719E-002   0.0000000000000000        0.0000000000000000        0.0000000000000000        0.0000000000000000     
   7.3608085900032719E-002   0.0000000000000000        0.0000000000000000        0.0000000000000000        0.0000000000000000     
   7.3968417463214489E-002   0.0000000000000000        0.0000000000000000        0.0000000000000000        0.0000000000000000     
   7.4508332643654598E-002   0.0000000000000000        0.0000000000000000        0.0000000000000000        0.0000000000000000     
   7.4508332643654598E-002   0.0000000000000000        0.0000000000000000        0.0000000000000000        0.0000000000000000     
   7.4783607839985972E-002   0.0000000000000000        0.0000000000000000        0.0000000000000000        0.0000000000000000     
   7.4783607839985972E-002   0.0000000000000000        0.0000000000000000        0.0000000000000000        0.0000000000000000     
   7.5157855502843554E-002   0.0000000000000000        0.0000000000000000        0.0000000000000000        0.0000000000000000     
   7.5778994065574548E-002   0.0000000000000000        0.0000000000000000        0.0000000000000000        0.0000000000000000     
   7.5778994065574548E-002   0.0000000000000000        0.0000000000000000        0.0000000000000000        0.0000000000000000     
   7.5983664711765125E-002   0.0000000000000000        0.0000000000000000        0.0000000000000000        0.0000000000000000     
   7.6237790657339988E-002   0.0000000000000000        0.0000000000000000        0.0000000000000000        0.0000000000000000     
   7.6237790657339988E-002   0.0000000000000000        0.0000000000000000        0.0000000000000000        0.0000000000000000     
   7.6690110872293021E-002   0.0000000000000000        0.0000000000000000        0.0000000000000000        0.0000000000000000     
   7.6690110872293021E-002   0.0000000000000000        0.0000000000000000        0.0000000000000000        0.0000000000000000     
   7.6768633332685812E-002   0.0000000000000000        0.0000000000000000        0.0000000000000000        0.0000000000000000     
   7.7368387153301341E-002   0.0000000000000000        0.0000000000000000        0.0000000000000000        0.0000000000000000     
   7.7368387153301341E-002   0.0000000000000000        0.0000000000000000        0.0000000000000000        0.0000000000000000     
   7.7529069924806238E-002   0.0000000000000000        0.0000000000000000        0.0000000000000000        0.0000000000000000     
   7.8078920441489980E-002   0.0000000000000000        0.0000000000000000        0.0000000000000000        0.0000000000000000     
   7.8078920441489980E-002   0.0000000000000000        0.0000000000000000        0.0000000000000000        0.0000000000000000     
   7.8572115614832461E-002   0.0000000000000000        0.0000000000000000        0.0000000000000000        0.0000000000000000     
   7.8572115614832461E-002   0.0000000000000000        0.0000000000000000        0.0000000000000000        0.0000000000000000     
   7.8975823788746832E-002   0.0000000000000000        0.0000000000000000        0.0000000000000000        0.0000000000000000     
   7.9578690003896141E-002   0.0000000000000000        0.0000000000000000        0.0000000000000000        0.0000000000000000     
   7.9578690003896141E-002   0.0000000000000000        0.0000000000000000        0.0000000000000000        0.0000000000000000     
   7.9756922632210028E-002   0.0000000000000000        0.0000000000000000        0.0000000000000000        0.0000000000000000     
   7.9981589955635909E-002   0.0000000000000000        0.0000000000000000        0.0000000000000000        0.0000000000000000     
   7.9981589955635909E-002   0.0000000000000000        0.0000000000000000        0.0000000000000000        0.0000000000000000     
   8.0124978527062546E-002   0.0000000000000000        0.0000000000000000        0.0000000000000000        0.0000000000000000     
   8.0575117540182081E-002   0.0000000000000000        0.0000000000000000        0.0000000000000000        0.0000000000000000     
   8.0575117540182081E-002   0.0000000000000000        0.0000000000000000        0.0000000000000000        0.0000000000000000     
   8.0992597255160961E-002   0.0000000000000000        0.0000000000000000        0.0000000000000000        0.0000000000000000     
   8.1477584368870204E-002   0.0000000000000000        0.0000000000000000        0.0000000000000000        0.0000000000000000     
   8.1477584368870204E-002   0.0000000000000000        0.0000000000000000        0.0000000000000000        0.0000000000000000     
   8.1615088388832774E-002   0.0000000000000000        0.0000000000000000        0.0000000000000000        0.0000000000000000     
   8.1825979969462878E-002   0.0000000000000000        0.0000000000000000        0.0000000000000000        0.0000000000000000     
   8.1825979969462878E-002   0.0000000000000000        0.0000000000000000        0.0000000000000000        0.0000000000000000     
   8.1975121916509242E-002   0.0000000000000000        0.0000000000000000        0.0000000000000000        0.0000000000000000     
   8.2465986299397234E-002   0.0000000000000000        0.0000000000000000        0.0000000000000000        0.0000000000000000     
   8.2465986299397234E-002   0.0000000000000000        0.0000000000000000        0.0000000000000000        0.0000000000000000     
   8.2907750367512689E-002   0.0000000000000000        0.0000000000000000        0.0000000000000000        0.0000000000000000     
   8.3386986819176681E-002   0.0000000000000000        0.0000000000000000        0.0000000000000000        0.0000000000000000     
   8.3386986819176681E-002   0.0000000000000000        0.0000000000000000        0.0000000000000000        0.0000000000000000     
   8.3413744486399932E-002   0.0000000000000000        0.0000000000000000        0.0000000000000000        0.0000000000000000     
   8.3600352205826345E-002   0.0000000000000000        0.0000000000000000        0.0000000000000000        0.0000000000000000     
   8.3600352205826345E-002   0.0000000000000000        0.0000000000000000        0.0000000000000000        0.0000000000000000     
   8.4226160997386432E-002   0.0000000000000000        0.0000000000000000        0.0000000000000000        0.0000000000000000     
   8.4226160997386432E-002   0.0000000000000000        0.0000000000000000        0.0000000000000000        0.0000000000000000     
   8.4585134902982570E-002   0.0000000000000000        0.0000000000000000        0.0000000000000000        0.0000000000000000     
   8.5189314693856821E-002   0.0000000000000000        0.0000000000000000        0.0000000000000000        0.0000000000000000     
   8.5189314693856821E-002   0.0000000000000000        0.0000000000000000        0.0000000000000000        0.0000000000000000     
   8.5399397145408271E-002   0.0000000000000000        0.0000000000000000        0.0000000000000000        0.0000000000000000     
   8.5668797208863334E-002   0.0000000000000000        0.0000000000000000        0.0000000000000000        0.0000000000000000     
   8.5668797208863334E-002   0.0000000000000000        0.0000000000000000        0.0000000000000000        0.0000000000000000     
   8.5749267788117742E-002   0.0000000000000000        0.0000000000000000        0.0000000000000000        0.0000000000000000     
   8.6167556891083130E-002   0.0000000000000000        0.0000000000000000        0.0000000000000000        0.0000000000000000     
   8.6167556891083130E-002   0.0000000000000000        0.0000000000000000        0.0000000000000000        0.0000000000000000     
   8.6568566393528598E-002   0.0000000000000000        0.0000000000000000        0.0000000000000000        0.0000000000000000     
   8.7116469070140715E-002   0.0000000000000000        0.0000000000000000        0.0000000000000000        0.0000000000000000     
   8.7116469070140715E-002   0.0000000000000000        0.0000000000000000        0.0000000000000000        0.0000000000000000     
   8.7307405677397490E-002   0.0000000000000000        0.0000000000000000        0.0000000000000000        0.0000000000000000     
   8.7534767526768947E-002   0.0000000000000000        0.0000000000000000        0.0000000000000000        0.0000000000000000     
   8.7534767526768947E-002   0.0000000000000000        0.0000000000000000        0.0000000000000000        0.0000000000000000     
   8.7924931839395634E-002   0.0000000000000000        0.0000000000000000        0.0000000000000000        0.0000000000000000     
   8.8362369310704222E-002   0.0000000000000000        0.0000000000000000        0.0000000000000000        0.0000000000000000     
   8.8362369310704222E-002   0.0000000000000000        0.0000000000000000        0.0000000000000000        0.0000000000000000     
   8.8612858610683687E-002   0.0000000000000000        0.0000000000000000        0.0000000000000000        0.0000000000000000     
   8.8612858610683687E-002   0.0000000000000000        0.0000000000000000        0.0000000000000000        0.0000000000000000     
   8.8612858610683687E-002   0.0000000000000000        0.0000000000000000        0.0000000000000000        0.0000000000000000     
   8.8612858610683687E-002   0.0000000000000000        0.0000000000000000        0.0000000000000000        0.0000000000000000     
   8.8612858610683687E-002   0.0000000000000000        0.0000000000000000        0.0000000000000000        0.0000000000000000     
   8.8612858610683687E-002   0.0000000000000000        0.0000000000000000        0.0000000000000000        0.0000000000000000     
   8.8612858610683687E-002   0.0000000000000000        0.0000000000000000        0.0000000000000000        0.0000000000000000     
   8.8612858610683687E-002   0.0000000000000000        0.0000000000000000        0.0000000000000000        0.0000000000000000     
   8.8612858610683687E-002   0.0000000000000000        0.0000000000000000        0.0000000000000000        0.0000000000000000     
   8.8612858610683687E-002   0.0000000000000000        0.0000000000000000        0.0000000000000000        0.0000000000000000     
   8.8612858610683687E-002   0.0000000000000000        0.0000000000000000        0.0000000000000000        0.0000000000000000     
   8.8612858610683687E-002   0.0000000000000000        0.0000000000000000        0.0000000000000000        0.0000000000000000     
   8.8612858610683687E-002   0.0000000000000000        0.0000000000000000        0.0000000000000000        0.0000000000000000     
   8.8612858610683687E-002   0.0000000000000000        0.0000000000000000        0.0000000000000000        0.0000000000000000     
   8.8612858610683687E-002   0.0000000000000000        0.0000000000000000        0.0000000000000000        0.0000000000000000     
   8.8612858610683687E-002   0.0000000000000000        0.0000000000000000        0.0000000000000000        0.0000000000000000     
   8.8612858610683687E-002   0.0000000000000000        0.0000000000000000        0.0000000000000000        0.0000000000000000     
   8.8612858610683687E-002   0.0000000000000000        0.0000000000000000        0.0000000000000000        0.0000000000000000     
   8.8612858610683687E-002   0.0000000000000000        0.0000000000000000        0.0000000000000000        0.0000000000000000     
   8.8612858610683687E-002   0.0000000000000000        0.0000000000000000        0.0000000000000000        0.0000000000000000     
   8.8612858610683687E-002   0.0000000000000000        0.0000000000000000        0.0000000000000000        0.0000000000000000     
   8.8612858610683687E-002   0.0000000000000000        0.0000000000000000        0.0000000000000000        0.0000000000000000     
   8.8612858610683687E-002   0.0000000000000000        0.0000000000000000        0.0000000000000000        0.0000000000000000     
   8.8612858610683687E-002   0.0000000000000000        0.0000000000000000        0.0000000000000000        0.0000000000000000     
   8.8612858610683687E-002   0.0000000000000000        0.0000000000000000        0.0000000000000000        0.0000000000000000     
   8.8612858610683687E-002   0.0000000000000000        0.0000000000000000        0.0000000000000000        0.0000000000000000     
   8.8612858610683687E-002   0.0000000000000000        0.0000000000000000        0.0000000000000000        0.0000000000000000     
   8.8612858610683687E-002   0.0000000000000000        0.0000000000000000        0.0000000000000000        0.0000000000000000     
   8.8612858610683687E-002   0.0000000000000000        0.0000000000000000        0.0000000000000000        0.0000000000000000     
   8.8612858610683687E-002   0.0000000000000000        0.0000000000000000        0.0000000000000000        0.0000000000000000     
   8.8612858610683687E-002   0.0000000000000000        0.0000000000000000        0.0000000000000000        0.0000000000000000     
   8.8612858610683687E-002   0.0000000000000000        0.0000000000000000        0.0000000000000000        0.0000000000000000     
   8.8612858610683687E-002   0.0000000000000000        0.0000000000000000        0.0000000000000000        0.0000000000000000     
   8.8612858610683687E-002   0.0000000000000000        0.0000000000000000        0.0000000000000000        0.0000000000000000     
   8.8612858610683687E-002   0.0000000000000000        0.0000000000000000        0.0000000000000000        0.0000000000000000     
   8.8612858610683687E-002   0.0000000000000000        0.0000000000000000        0.0000000000000000        0.0000000000000000     
   8.8612858610683687E-002   0.0000000000000000        0.0000000000000000        0.0000000000000000        0.0000000000000000     
