        0.000  0.1314887807      0.3051240675    
        0.001  0.1314785586      0.3069664086    
        0.001  0.1314526032      0.3090917714    
        0.001  0.1314525653      0.3090922697    
        0.001  0.1314525653      0.3090922697    
        0.001  0.1314525653      0.3090922697    
        0.001  0.1314525273      0.3090927681    
        0.002  0.1314114375      0.3115856544    
        0.003  0.1313558788      0.3145795158    
        0.003  0.1313558797      0.3145799603    
        0.003  0.1313558796      0.3145799669    
        0.003  0.1313558795      0.3145799746    
        0.003  0.1313558804      0.3145804191    
        0.003  0.1312866138      0.3182886910    
        0.004  0.1312045394      0.3230690986    
        0.004  0.1312045863      0.3230694525    
        0.004  0.1312045857      0.3230694897    
        0.004  0.1312045843      0.3230695746    
        0.004  0.1312046311      0.3230699285    
        0.004  0.1311108633      0.3295639273    
        0.005  0.1310068043      0.3390473864    
        0.005  0.1310069020      0.3390475610    
        0.005  0.1310068989      0.3390478914    
        0.005  0.1310068930      0.3390485330    
        0.005  0.1310069907      0.3390487077    
        0.006  0.1308944678      0.3544619655    
        0.006  0.1307753084      0.3845306586    
        0.006  0.1307754569      0.3845302875    
        0.006  0.1307754504      0.3845326432    
        0.006  0.1307754159      0.3845452422    
        0.006  0.1307755645      0.3845448710    
        0.007  0.1306475846      0.4720242811    
        0.008  0.1303961142       54.40924785    
        0.008  0.1303962622       54.33698274    
        0.008  0.1303961047       58.59090820    
        0.008  0.1303956658       74.94239978    
        0.008  0.1303958137       74.80516397    
        0.008  0.1304069809     -0.5016931852    
        0.009  0.1306990870       1.124817689    
        0.009  0.1306990973       1.124830827    
        0.009  0.1306994759       1.121520304    
        0.009  0.1307000214       1.116793922    
        0.009  0.1307000314       1.116806881    
        0.009  0.1308500196      0.6043494166    
        0.010  0.1309900937      0.4840424543    
        0.010  0.1309900276      0.4840449047    
        0.010  0.1309932224      0.4822774394    
        0.010  0.1309979845      0.4796924700    
        0.010  0.1309979170      0.4796948720    
        0.010  0.1310728947      0.4453777380    
        0.011  0.1311914798      0.4069846967    
        0.011  0.1311913871      0.4069863235    
        0.011  0.1312323190      0.3964513308    
        0.012  0.1312780838      0.3857487172    
        0.012  0.1312779847      0.3857501288    
        0.012  0.1312886832      0.3833818869    
        0.012  0.1313509583      0.3703661451    
        0.012  0.1313508562      0.3703674030    
        0.012  0.1314053220      0.3597324603    
        0.013  0.1314730168      0.3468078782    
        0.013  0.1314729160      0.3468089034    
        0.013  0.1314953311      0.3424136732    
        0.013  0.1315175394      0.3378757815    
        0.013  0.1315174423      0.3378767191    
        0.014  0.1315298446      0.3352108469    
        0.014  0.1315587746      0.3282940606    
        0.014  0.1315586843      0.3282949045    
        0.014  0.1315802387      0.3216069377    
        0.015  0.1315927181      0.3148152837    
        0.015  0.1315926436      0.3148159962    
        0.015  0.1315941891      0.3122512432    
        0.015  0.1315937135      0.3097286288    
        0.015  0.1315936473      0.3097292919    
        0.016  0.1315839726      0.3039353521    
        0.016  0.1315839175      0.3039359591    
        0.016  0.1315565831      0.2974760295    
        0.017  0.1315050513      0.2906225792    
        0.017  0.1315050284      0.2906230583    
        0.017  0.1315028438      0.2903916026    
        0.017  0.1314936095      0.2894465430    
        0.017  0.1314935899      0.2894470108    
        0.018  0.1314094909      0.2824868631    
        0.018  0.1314094920      0.2824872649    
        0.018  0.1313370430      0.2778406693    
        0.019  0.1312131703      0.2713212844    
        0.019  0.1312132083      0.2713215814    
        0.019  0.1311858108      0.2700372906    
        0.019  0.1311370375      0.2678534502    
        0.019  0.1311370876      0.2678537148    
        0.019  0.1310222264      0.2631163358    
        0.020  0.1308669495      0.2573444685    
        0.020  0.1308670364      0.2573446339    
        0.020  0.1308382814      0.2563340730    
        0.020  0.1307706359      0.2540136870    
        0.020  0.1307707344      0.2540138201    
        0.021  0.1306474663      0.2499591023    
        0.021  0.1304362225      0.2434311857    
        0.021  0.1304363557      0.2434312058    
        0.021  0.1303167463      0.2399674436    
        0.021  0.1303168901      0.2399674189    
        0.022  0.1300593666      0.2336035535    
        0.023  0.1297597044      0.2361454980    
        0.023  0.1297598707      0.2361450399    
        0.023  0.1297519020      0.2367107034    
        0.023  0.1297268516      0.2388230684    
        0.023  0.1297270160      0.2388225425    
        0.023  0.1296832656      0.2438992537    
        0.023  0.1290307878     -0.7602907786E-01
        0.023  0.1290309099     -0.7602910240E-01
        0.023  0.1294106252     -0.1036045635    
        0.024  0.1300534029     -0.3058088494    
        0.024  0.1300534105     -0.3058081744    
        0.024  0.1302859065     -0.4496082973    
        0.025  0.1307489607     -0.9654191794    
        0.025  0.1307489041     -0.9654128503    
        0.025  0.1308172561      -1.096509278    
        0.025  0.1311211415      -2.220199495    
        0.025  0.1311210661      -2.220168770    
        0.025  0.1311973510      -2.839033979    
        0.026  0.1317151696       5.197324582    
        0.026  0.1317150751       5.197467537    
        0.026  0.1320101137       2.290628769    
        0.027  0.1325656229       1.225936216    
        0.027  0.1325655149       1.225942128    
        0.027  0.1327344733       1.092167533    
        0.027  0.1330877018      0.9033727165    
        0.027  0.1330875906      0.9033752435    
        0.028  0.1335728797      0.7469467746    
        0.028  0.1341244640      0.6375146966    
        0.028  0.1341243535      0.6375152631    
        0.028  0.1341909179      0.6272381818    
        0.028  0.1344328470      0.5936840091    
        0.028  0.1344327379      0.5936843159    
        0.029  0.1348881560      0.5432031812    
        0.029  0.1357015426      0.4804847212    
        0.029  0.1357014425      0.4804844009    
        0.029  0.1360864410      0.4592267168    
        0.030  0.1365803191      0.4378404968    
        0.030  0.1365802262      0.4378399202    
        0.030  0.1375066974      0.4115516680    
        0.030  0.1375066108      0.4115508900    
        0.031  0.1420617384      0.3813130424    
        0.031  0.1865703059      0.3826703578    
        0.031  0.1865704658      0.3826688840    
        0.031  0.1862644194      0.3828137705    
        0.031  0.1848948519      0.3835016693    
        0.031  0.1848950032      0.3835001552    
        0.032  0.1675017523      0.4070231943    
        0.032  0.1595050315      0.4578501333    
        0.032  0.1595051084      0.4578470785    
        0.033  0.1584885173      0.4713261713    
        0.033  0.1572095424      0.4931475136    
        0.033  0.1572096244      0.4931438569    
        0.033  0.1548959395      0.5558094172    
        0.034  0.1526162088      0.6855663308    
        0.034  0.1526163173      0.6855587237    
        0.034  0.1520603903      0.7412883823    
        0.034  0.1512229217      0.8655284195    
        0.034  0.1512230440      0.8655159007    
        0.034  0.1499163029       1.322146824    
        0.035  0.1485665506       7.921800149    
        0.035  0.1485667092       7.920636436    
        0.035  0.1482198631      -10.10817215    
        0.035  0.1476889681      -1.888377320    
        0.035  0.1476891415      -1.888447895    
        0.036  0.1466017675     -0.4785861808    
        0.036  0.1466019581     -0.4785914172    
        0.036  0.1461311897     -0.2850890071    
        0.037  0.1435893405     -0.7601510667    
        0.037  0.3476867283    
        0.037  0.3476868323    
        0.037  0.3476874540    
        0.037  0.3476858797    
        0.038  0.3476864723    
        0.038  0.3476872118    
        0.038  0.3476857051    
        0.038  0.3476859481    
        0.039  0.3476862013    
        0.039  0.3476847262    
        0.039  0.3476850374    
        0.039  0.3476854442    
        0.039  0.3476840229    
        0.039  0.3476842050    
        0.040  0.3476844849    
        0.040  0.3476831047    
        0.040  0.3476832438    
        0.040  0.3476835617    
        0.040  0.3476822286    
        0.041  0.3476825549    
        0.041  0.3476812602    
        0.041  0.3476813032    
        0.042  0.3476816640    
        0.042  0.3476804236    
        0.042  0.3476807255    
        0.042  0.3476795319    
        0.042  0.3476796843    
        0.043  0.3476799638    
        0.043  0.3476788486    
        0.043  0.3476788765    
        0.043  0.3476790049    
        0.043  0.3476779223    
        0.044  0.3476780707    
        0.044  0.3476782665    
        0.044  0.3476772655    
        0.044  0.3476772837    
        0.045  0.3476773600    
        0.045  0.3476763843    
        0.045  0.3476765700    
        0.045  0.3476756485    
        0.046  0.3476757666    
        0.046  0.3476759109    
        0.046  0.3476750782    
        0.046  0.3476750937    
        0.047  0.3476751385    
        0.047  0.3476743287    
        0.047  0.3476743512    
        0.047  0.3476744708    
        0.047  0.3476737195    
        0.048  0.3476737851    
        0.048  0.3476738820    
        0.048  0.3476732071    
        0.048  0.3476732148    
        0.048  0.3476732649    
        0.048  0.3476726201    
        0.049  0.3476726350    
        0.049  0.3476727255    
        0.049  0.3476721409    
        0.050  0.3476721981    
        0.050  0.3476722686    
        0.050  0.3476717679    
        0.050  0.3476717895    
        0.050  0.3476718163    
        0.050  0.3476713515    
        0.051  0.3476713802    
        0.051  0.3476714283    
        0.051  0.3476710265    
        0.051  0.3476710569    
        0.052  0.3476710916    
        0.052  0.3476707508    
        0.052  0.3476707554    
        0.052  0.3476707827    
        0.052  0.3476704752    
        0.052  0.3476704905    
        0.053  0.3476705334    
        0.053  0.3476702940    
        0.053  0.3476703256    
        0.053  0.3476701288    
        0.054  0.3476701578    
        0.055  0.3476701874    
        0.055  0.3476700863    
        0.055  0.3476700876    
        0.055  0.3476700936    
        0.055  0.3476700068    
        0.055  0.3476700261    
        0.056  0.3476700461    
        0.056  0.3476700535    
        0.056  0.3476700581    
        0.056  0.3476700794    
        0.056  0.3476700850    
        0.057  0.3476700978    
        0.057  0.3476701920    
        0.057  0.3476701931    
        0.057  0.3476701985    
        0.057  0.3476703344    
        0.057  0.3476703360    
        0.058  0.3476703387    
        0.058  0.3476705383    
        0.058  0.3476705383    
        0.059  0.3476705369    
        0.059  0.3476707850    
        0.059  0.3476707827    
        0.059  0.3476707761    
        0.059  0.3476710924    
        0.060  0.3476710876    
        0.060  0.3476710803    
        0.060  0.3476714474    
        0.060  0.3476714407    
        0.061  0.3476714300    
        0.061  0.3476718489    
        0.061  0.3476718463    
        0.061  0.3476718332    
        0.061  0.3476722889    
        0.061  0.3476722741    
        0.062  0.3476722484    
        0.062  0.3476727787    
        0.062  0.3476727716    
        0.062  0.3476727571    
        0.062  0.3476733197    
        0.062  0.3476733142    
        0.063  0.3476732837    
        0.063  0.3476738934    
        0.063  0.3476738747    
        0.064  0.3476738352    
        0.064  0.3476745085    
        0.064  0.3476744951    
        0.064  0.3476744652    
        0.064  0.3476751789    
        0.065  0.3476751511    
        0.065  0.3476751060    
        0.065  0.3476758786    
        0.065  0.3476758565    
        0.066  0.3476758213    
        0.066  0.3476766341    
        0.066  0.3476766045    
        0.066  0.3476765533    
        0.066  0.3476774159    
        0.066  0.3476774020    
        0.067  0.3476773520    
        0.067  0.3476782494    
        0.067  0.3476781808    
        0.068  0.3476780987    
        0.068  0.3476790669    
        0.068  0.3476790461    
        0.068  0.3476790198    
        0.068  0.3476800074    
        0.069  0.3476799147    
        0.069  0.3476809374    
        0.069  0.3476809098    
        0.069  0.3476807837    
        0.069  0.3476818574    
        0.070  0.3476817803    
        0.070  0.3476816655    
        0.070  0.3476827928    
        0.070  0.3476827676    
        0.070  0.3476826955    
        0.070  0.3476838465    
        0.071  0.3476838019    
        0.071  0.3476836519    
        0.071  0.3476848450    
        0.072  0.3476847238    
        0.072  0.3476845704    
        0.072  0.3476858129    
        0.072  0.3476857425    
        0.072  0.3476856563    
        0.072  0.3476869230    
        0.073  0.3476867598    
        0.073  0.3476865794    
        0.073  0.3476878908    
        0.073  0.3476878517    
        0.074  0.3476877568    
        0.074  0.3476890831    
        0.074  0.3476889103    
        0.075  0.3476886278    
        0.075  0.3476899967    
        0.075  0.3476898406    
        0.075  0.3476912217    
        0.075  0.3476909952    
        0.076  0.3476905784    
        0.076  0.3476920000    
        0.076  0.3476918503    
        0.076  0.3476916549    
        0.076  0.3476930932    
        0.077  0.3476927172    
        0.077  0.3476941706    
        0.077  0.3476941014    
        0.077  0.3476935291    
        0.077  0.3476950025    
        0.078  0.3476948350    
        0.078  0.3476942099    
        0.078  0.3476957004    
        0.079  0.3476950615    
        0.079  0.3476965614    
        0.079  0.3476959736    
        0.080  0.3476949661    
        0.080  0.3476964779    
        0.080  0.3476961456    
        0.080  0.3476957013    
        0.080  0.3476972147    
        0.080  0.3476969151    
        0.081  0.3476958845    
        0.081  0.3476973969    
        0.081  0.3476962996    
        0.081  0.3476948160    
        0.081  0.3476963173    
        0.082  0.3476958488    
        0.082  0.3476950832    
        0.082  0.3476965769    
        0.082  0.3476959982    
        0.082  0.3476938403    
        0.082  0.3476953140    
        0.083  0.3476929665    
        0.083  0.3476898492    
        0.083  0.3476912787    
        0.083  0.3476910835    
        0.084  0.3476896497    
        0.084  0.3476910659    
        0.084  0.3476851328    
        0.084  0.3476865017    
        0.085  0.3476820535    
        0.085  0.3476719206    
        0.085  0.3476731871    
        0.085  0.3476685602    
        0.086  0.3476614441    
        0.086  0.3476626417    
        0.086  0.3476602014    
        0.086  0.3476443539    
        0.086  0.3476454624    
        0.087  0.3476227954    
        0.087  0.3475676093    
        0.087  0.3475684727    
        0.087  0.3475362339    
        0.088  0.3474804047    
        0.088  0.3474811063    
        0.088  0.3472845409    
        0.088  0.3462736534    
        0.088  0.3462737615    
        0.089  0.3383405712    
        0.089
        0.089
        0.089
        0.089
        0.089
        0.089
        0.089
        0.089
        0.089
        0.089
        0.089
        0.089
        0.089
        0.089
        0.089
        0.089
        0.089
        0.089
        0.089
        0.089
        0.089
        0.089
        0.089
        0.089
        0.089
        0.089
        0.089
        0.089
        0.089
        0.089
        0.089
        0.089
        0.089
        0.089
        0.089
        0.089
