        0.000   153.4476708       39.36106925    
        0.001   153.4510301       40.54039908    
        0.001   153.4546404       41.98513139    
        0.001   153.4546134       41.98471033    
        0.001   153.4546134       41.98471034    
        0.001   153.4546134       41.98471035    
        0.001   153.4545865       41.98428935    
        0.002   153.4583543       43.80946870    
        0.003   153.4621834       46.20281580    
        0.003   153.4621563       46.20199525    
        0.003   153.4621563       46.20200082    
        0.003   153.4621563       46.20200721    
        0.003   153.4621292       46.20118678    
        0.003   153.4659213       49.48430773    
        0.004   153.4695766       54.24635889    
        0.004   153.4695530       54.24463844    
        0.004   153.4695531       54.24467775    
        0.004   153.4695531       54.24476763    
        0.004   153.4695296       54.24304744    
        0.004   153.4729466       61.61735659    
        0.005   153.4760235       73.78173589    
        0.005   153.4760071       73.77777113    
        0.005   153.4760072       73.77821146    
        0.005   153.4760074       73.77906646    
        0.005   153.4759910       73.77510212    
        0.006   153.4786231       93.73567572    
        0.006   153.4807072       119.6625245    
        0.006   153.4807010       119.6583590    
        0.006   153.4807011       119.6596903    
        0.006   153.4807016       119.6668093    
        0.006   153.4806954       119.6626444    
        0.007   153.4821241       140.1261389    
        0.008   153.4827996       150.0809970    
        0.008   153.4828020       150.0808180    
        0.008   153.4828020       150.0821002    
        0.008   153.4828022       150.0856662    
        0.008   153.4828046       150.0854877    
        0.008   153.4828057       147.3068816    
        0.009   153.4824207       38.60145020    
        0.009   153.4824314       38.60097253    
        0.009   153.4824304       38.58126963    
        0.009   153.4824288       38.55308320    
        0.009   153.4824395       38.55261184    
        0.009   153.4819433       35.27844295    
        0.010   153.4814742       34.74659387    
        0.010   153.4814830       34.74651847    
        0.010   153.4814733       34.74276323    
        0.010   153.4814588       34.73761860    
        0.010   153.4814674       34.73754402    
        0.010   153.4812615       34.71717523    
        0.011   153.4810432       34.85734190    
        0.011   153.4810461       34.85726540    
        0.011   153.4810111       34.94463430    
        0.012   153.4810024       35.06510672    
        0.012   153.4810019       35.06502038    
        0.012   153.4810051       35.09679628    
        0.012   153.4810681       35.31198072    
        0.012   153.4810643       35.31188215    
        0.012   153.4811933       35.55090634    
        0.013   153.4814825       35.94662478    
        0.013   153.4814720       35.94649342    
        0.013   153.4816102       36.11505261    
        0.013   153.4817756       36.31143686    
        0.013   153.4817621       36.31128601    
        0.014   153.4818701       36.43857348    
        0.014   153.4821845       36.81673378    
        0.014   153.4821675       36.81655517    
        0.014   153.4825077       37.26119391    
        0.015   153.4828634       37.81380124    
        0.015   153.4828417       37.81356549    
        0.015   153.4829701       38.05449751    
        0.015   153.4830886       38.31157877    
        0.015   153.4830653       38.31131336    
        0.016   153.4832883       38.98955090    
        0.016   153.4832635       38.98924391    
        0.016   153.4833776       39.92474834    
        0.017   153.4832501       41.19660321    
        0.017   153.4832230       41.19615188    
        0.017   153.4832130       41.24536843    
        0.017   153.4831674       41.45120742    
        0.017   153.4831403       41.45073861    
        0.018   153.4825613       43.24973974    
        0.018   153.4825344       43.24914286    
        0.018   153.4818757       44.80870454    
        0.019   153.4805383       47.71783305    
        0.019   153.4805135       47.71688780    
        0.019   153.4801913       48.42307229    
        0.019   153.4795993       49.75326046    
        0.019   153.4795757       49.75214501    
        0.019   153.4781065       53.34490217    
        0.020   153.4760068       59.65081137    
        0.020   153.4759881       59.64881336    
        0.020   153.4755901       61.06201026    
        0.020   153.4746474       64.77098621    
        0.020   153.4746305       64.76852747    
        0.021   153.4729018       73.21789110    
        0.021   153.4699744       94.10238400    
        0.021   153.4699642       94.09815212    
        0.021   153.4683687       108.9364843    
        0.021   153.4683609       108.9323521    
        0.022   153.4652326       137.4305107    
        0.023   153.4626257       152.5232320    
        0.023   153.4626273       152.5229297    
        0.023   153.4625833       152.6943833    
        0.023   153.4624561       153.1760023    
        0.023   153.4624579       153.1757701    
        0.023   153.4622749       153.8295290    
        0.023   153.4618179       145.7764300    
        0.023   153.4618208       145.7759780    
        0.023   153.4618847       128.8305363    
        0.024   153.4632158       55.05674963    
        0.024   153.4632245       55.05586925    
        0.024   153.4643598       49.73089217    
        0.025   153.4670129       45.98308549    
        0.025   153.4670210       45.98264303    
        0.025   153.4674228       45.70904109    
        0.025   153.4691427       44.86602188    
        0.025   153.4691489       44.86564360    
        0.025   153.4695502       44.72145124    
        0.026   153.4716453       44.13972881    
        0.026   153.4716476       44.13940984    
        0.026   153.4720797       43.99683675    
        0.027   153.4703608       43.91669174    
        0.027   153.4703565       43.91642746    
        0.027   153.4689176       43.92301088    
        0.027   153.4639894       43.96620895    
        0.027   153.4639806       43.96597231    
        0.028   153.4514291       44.06837897    
        0.028   153.4247461       44.21660630    
        0.028   153.4247274       44.21642036    
        0.028   153.4202707       44.23542404    
        0.028   153.4011618       44.30524676    
        0.028   153.4011397       44.30507539    
        0.029   153.3492527       44.43586022    
        0.029   153.1697606       44.64766250    
        0.029   153.1697189       44.64754821    
        0.029   153.0177315       44.73099046    
        0.030   152.7146984       44.81829575    
        0.030   152.7146316       44.81821542    
        0.030   151.5878831       44.92315628    
        0.030   151.5877650       44.92310277    
        0.031   123.8782637       45.01208169    
        0.031   122.7849401       45.01808969    
        0.031   122.7844441       45.01809002    
        0.031   123.1298624       45.01811328    
        0.031   124.6750576       45.01824055    
        0.031   124.6745754       45.01824096    
        0.032   142.3286871       45.03924763    
        0.032   147.7647728       45.16271036    
        0.032   147.7646157       45.16270709    
        0.033   148.2930229       45.20652397    
        0.033   148.9046362       45.28326406    
        0.033   148.9045061       45.28325721    
        0.033   149.8614190       45.52440296    
        0.034   150.6187216       46.02294245    
        0.034   150.6186428       46.02291839    
        0.034   150.7757575       46.21782859    
        0.034   150.9921492       46.60139241    
        0.034   150.9920862       46.60135747    
        0.034   151.2808592       47.54352271    
        0.035   151.5154393       49.41549354    
        0.035   151.5154084       49.41541623    
        0.035   151.5648756       50.18943056    
        0.035   151.6316350       51.81106739    
        0.035   151.6316155       51.81096039    
        0.036   151.7319308       59.01420446    
        0.036   151.7319251       59.01402663    
        0.036   151.7579839       66.85701494    
        0.037   151.7760563       144.4260709    
        0.037   42.97624716    
        0.037   42.97624716    
        0.037   42.97624716    
        0.037   42.97585791    
        0.038   42.97585791    
        0.038   42.97585791    
        0.038   42.97541537    
        0.038   42.97541537    
        0.039   42.97541537    
        0.039   42.97494925    
        0.039   42.97494925    
        0.039   42.97494925    
        0.039   42.97444430    
        0.039   42.97444430    
        0.040   42.97444430    
        0.040   42.97391079    
        0.040   42.97391079    
        0.040   42.97391079    
        0.040   42.97334569    
        0.041   42.97334569    
        0.041   42.97275562    
        0.041   42.97275562    
        0.042   42.97275562    
        0.042   42.97213133    
        0.042   42.97213133    
        0.042   42.97147865    
        0.042   42.97147865    
        0.043   42.97147865    
        0.043   42.97078030    
        0.043   42.97078030    
        0.043   42.97078030    
        0.043   42.97006370    
        0.044   42.97006370    
        0.044   42.97006370    
        0.044   42.96930303    
        0.044   42.96930303    
        0.045   42.96930303    
        0.045   42.96852923    
        0.045   42.96852923    
        0.045   42.96772806    
        0.046   42.96772806    
        0.046   42.96772806    
        0.046   42.96688424    
        0.046   42.96688424    
        0.047   42.96688424    
        0.047   42.96602990    
        0.047   42.96602990    
        0.047   42.96602990    
        0.047   42.96514945    
        0.048   42.96514945    
        0.048   42.96514945    
        0.048   42.96423665    
        0.048   42.96423665    
        0.048   42.96423665    
        0.048   42.96331168    
        0.049   42.96331168    
        0.049   42.96331168    
        0.049   42.96236334    
        0.050   42.96236334    
        0.050   42.96236334    
        0.050   42.96138445    
        0.050   42.96138445    
        0.050   42.96138445    
        0.050   42.96039329    
        0.051   42.96039329    
        0.051   42.96039329    
        0.051   42.95938162    
        0.051   42.95938162    
        0.052   42.95938162    
        0.052   42.95835145    
        0.052   42.95835145    
        0.052   42.95835145    
        0.052   42.95731179    
        0.052   42.95731179    
        0.053   42.95731179    
        0.053   42.95625384    
        0.053   42.95625384    
        0.053   42.95518534    
        0.054   42.95518534    
        0.055   42.95518534    
        0.055   42.95409550    
        0.055   42.95409550    
        0.055   42.95409550    
        0.055   42.95300287    
        0.055   42.95300287    
        0.056   42.95300287    
        0.056   42.95189314    
        0.056   42.95189314    
        0.056   42.95078126    
        0.056   42.95078126    
        0.057   42.95078126    
        0.057   42.94965897    
        0.057   42.94965897    
        0.057   42.94965897    
        0.057   42.94853174    
        0.057   42.94853174    
        0.058   42.94853174    
        0.058   42.94739828    
        0.058   42.94739828    
        0.059   42.94739828    
        0.059   42.94626126    
        0.059   42.94626126    
        0.059   42.94626126    
        0.059   42.94512091    
        0.060   42.94512091    
        0.060   42.94512091    
        0.060   42.94397945    
        0.060   42.94397945    
        0.061   42.94397945    
        0.061   42.94283810    
        0.061   42.94283810    
        0.061   42.94283810    
        0.061   42.94169762    
        0.061   42.94169762    
        0.062   42.94169762    
        0.062   42.94056084    
        0.062   42.94056084    
        0.062   42.94056084    
        0.062   42.93942661    
        0.062   42.93942661    
        0.063   42.93942661    
        0.063   42.93829703    
        0.063   42.93829703    
        0.064   42.93829703    
        0.064   42.93717561    
        0.064   42.93717561    
        0.064   42.93717561    
        0.064   42.93606063    
        0.065   42.93606063    
        0.065   42.93606063    
        0.065   42.93495674    
        0.065   42.93495674    
        0.066   42.93495674    
        0.066   42.93386171    
        0.066   42.93386171    
        0.066   42.93386171    
        0.066   42.93277917    
        0.066   42.93277917    
        0.067   42.93277917    
        0.067   42.93170648    
        0.067   42.93170648    
        0.068   42.93170648    
        0.068   42.93065649    
        0.068   42.93065649    
        0.068   42.93065649    
        0.068   42.92961353    
        0.069   42.92961353    
        0.069   42.92858405    
        0.069   42.92858405    
        0.069   42.92858405    
        0.069   42.92757618    
        0.070   42.92757618    
        0.070   42.92757618    
        0.070   42.92659398    
        0.070   42.92659398    
        0.070   42.92659398    
        0.070   42.92562431    
        0.071   42.92562431    
        0.071   42.92562431    
        0.071   42.92467861    
        0.072   42.92467861    
        0.072   42.92467861    
        0.072   42.92376449    
        0.072   42.92376449    
        0.072   42.92376449    
        0.072   42.92286736    
        0.073   42.92286736    
        0.073   42.92286736    
        0.073   42.92200497    
        0.073   42.92200497    
        0.074   42.92200497    
        0.074   42.92115533    
        0.074   42.92115533    
        0.075   42.92115533    
        0.075   42.92034577    
        0.075   42.92034577    
        0.075   42.91954899    
        0.075   42.91954899    
        0.076   42.91954899    
        0.076   42.91880012    
        0.076   42.91880012    
        0.076   42.91880012    
        0.076   42.91807431    
        0.077   42.91807431    
        0.077   42.91737182    
        0.077   42.91737182    
        0.077   42.91737182    
        0.077   42.91670532    
        0.078   42.91670532    
        0.078   42.91670532    
        0.078   42.91607784    
        0.079   42.91607784    
        0.079   42.91547821    
        0.079   42.91547821    
        0.080   42.91547821    
        0.080   42.91493723    
        0.080   42.91493723    
        0.080   42.91493723    
        0.080   42.91442040    
        0.080   42.91442040    
        0.081   42.91442040    
        0.081   42.91393976    
        0.081   42.91393976    
        0.081   42.91393976    
        0.081   42.91351547    
        0.082   42.91351547    
        0.082   42.91351547    
        0.082   42.91311333    
        0.082   42.91311333    
        0.082   42.91311333    
        0.082   42.91275234    
        0.083   42.91275234    
        0.083   42.91275234    
        0.083   42.91245142    
        0.083   42.91245142    
        0.084   42.91245142    
        0.084   42.91216452    
        0.084   42.91216452    
        0.084   42.91191884    
        0.085   42.91191884    
        0.085   42.91191884    
        0.085   42.91173645    
        0.085   42.91173645    
        0.086   42.91173645    
        0.086   42.91158517    
        0.086   42.91158517    
        0.086   42.91158517    
        0.086   42.91146570    
        0.087   42.91146570    
        0.087   42.91146570    
        0.087   42.91140370    
        0.087   42.91140370    
        0.088   42.91140370    
        0.088   42.91136483    
        0.088   42.91136483    
        0.088   42.91136483    
        0.088   42.91136230    
        0.089   42.91136230    
        0.089
        0.089
        0.089
        0.089
        0.089
        0.089
        0.089
        0.089
        0.089
        0.089
        0.089
        0.089
        0.089
        0.089
        0.089
        0.089
        0.089
        0.089
        0.089
        0.089
        0.089
        0.089
        0.089
        0.089
        0.089
        0.089
        0.089
        0.089
        0.089
        0.089
        0.089
        0.089
        0.089
        0.089
        0.089
        0.089
