           0.000000   206.48     -0.20342     -3.77990E-02   206.59     -0.40656     -0.15125       206.16      0.20480      0.25634    
           0.000628   412.95     -0.23555     -7.02738E-02   413.05     -0.44107     -0.18322       412.63      0.17331      0.22392    
           0.001257   412.95     -6.00624E-02 -7.07049E-02   413.05     -0.26611     -0.18212       412.63      0.34972      0.22365    
           0.001257   412.95     -6.00624E-02 -7.07049E-02   413.05     -0.26611     -0.18212       412.63      0.34972      0.22365    
           0.001257   412.95     -6.00624E-02 -7.07049E-02   413.05     -0.26611     -0.18212       412.63      0.34972      0.22365    
           0.001257   412.95     -6.00624E-02 -7.07049E-02   413.05     -0.26611     -0.18212       412.63      0.34972      0.22365    
           0.001257   412.95     -6.00624E-02 -7.07049E-02   413.05     -0.26611     -0.18212       412.63      0.34972      0.22365    
           0.001885   412.96      0.11487     -7.14291E-02   413.05     -8.97899E-02 -0.18029       412.63      0.52587      0.22320    
           0.002513   412.96      0.28921     -7.24581E-02   413.04      8.79704E-02 -0.17769       412.63      0.70178      0.22258    
           0.002513   412.96      0.28921     -7.24581E-02   413.04      8.79704E-02 -0.17769       412.63      0.70178      0.22258    
           0.002513   412.96      0.28921     -7.24581E-02   413.04      8.79708E-02 -0.17769       412.63      0.70178      0.22258    
           0.002513   412.96      0.28921     -7.24581E-02   413.04      8.79712E-02 -0.17769       412.63      0.70178      0.22258    
           0.002513   412.96      0.28921     -7.24581E-02   413.04      8.79712E-02 -0.17769       412.63      0.70178      0.22258    
           0.003142   412.97      0.46292     -7.38104E-02   413.04      0.26727     -0.17428       412.63      0.87743      0.22178    
           0.003770   412.97      0.63592     -7.55142E-02   413.03      0.44826     -0.17000       412.63       1.0528      0.22082    
           0.003770   412.97      0.63592     -7.55142E-02   413.03      0.44826     -0.17000       412.63       1.0528      0.22082    
           0.003770   412.97      0.63592     -7.55142E-02   413.03      0.44826     -0.17000       412.63       1.0528      0.22082    
           0.003770   412.97      0.63593     -7.55142E-02   413.03      0.44826     -0.17000       412.63       1.0528      0.22082    
           0.003770   412.97      0.63593     -7.55142E-02   413.03      0.44826     -0.17000       412.63       1.0528      0.22082    
           0.004399   412.97      0.80813     -7.76105E-02   413.03      0.63115     -0.16476       412.63       1.2280      0.21968    
           0.005027   412.98      0.97940     -8.01613E-02   413.02      0.81627     -0.15842       412.63       1.4029      0.21837    
           0.005027   412.98      0.97940     -8.01613E-02   413.02      0.81627     -0.15842       412.63       1.4029      0.21837    
           0.005027   412.98      0.97940     -8.01614E-02   413.02      0.81627     -0.15842       412.63       1.4029      0.21837    
           0.005027   412.98      0.97941     -8.01615E-02   413.02      0.81628     -0.15841       412.63       1.4029      0.21837    
           0.005027   412.98      0.97941     -8.01615E-02   413.02      0.81628     -0.15841       412.63       1.4029      0.21837    
           0.005655   412.98       1.1495     -8.32624E-02   413.01       1.0041     -0.15076       412.64       1.5776      0.21690    
           0.006284   412.99       1.3180     -8.70803E-02   413.01       1.1956     -0.14141       412.64       1.7520      0.21526    
           0.006284   412.99       1.3180     -8.70803E-02   413.01       1.1956     -0.14141       412.64       1.7520      0.21526    
           0.006284   412.99       1.3180     -8.70805E-02   413.01       1.1956     -0.14141       412.64       1.7520      0.21526    
           0.006284   412.99       1.3181     -8.70817E-02   413.01       1.1957     -0.14141       412.64       1.7521      0.21526    
           0.006284   412.99       1.3181     -8.70817E-02   413.01       1.1957     -0.14141       412.64       1.7521      0.21526    
           0.006912   412.99       1.4841     -9.19446E-02   413.00       1.3926     -0.12963       412.64       1.9262      0.21346    
           0.007540   413.00       1.6452     -9.88186E-02   412.99       1.6011     -0.11325       412.64       2.1001      0.21150    
           0.007540   413.00       1.6452     -9.88186E-02   412.99       1.6011     -0.11325       412.64       2.1001      0.21150    
           0.007540   413.00       1.6452     -9.88206E-02   412.99       1.6011     -0.11324       412.64       2.1002      0.21150    
           0.007541   413.00       1.6453     -9.88262E-02   412.99       1.6013     -0.11323       412.64       2.1003      0.21149    
           0.007541   413.00       1.6453     -9.88262E-02   412.99       1.6013     -0.11323       412.64       2.1003      0.21149    
           0.008167   412.98       1.8115     -9.73838E-02   413.02       1.7965     -0.11551       412.64       2.2734      0.20937    
           0.008795   412.97       1.9992     -8.95262E-02   413.04       1.9451     -0.13218       412.64       2.4469      0.20709    
           0.008795   412.97       1.9992     -8.95262E-02   413.04       1.9451     -0.13218       412.64       2.4469      0.20709    
           0.008797   412.97       1.9996     -8.95122E-02   413.04       1.9455     -0.13221       412.64       2.4473      0.20708    
           0.008799   412.97       2.0002     -8.94919E-02   413.04       1.9460     -0.13225       412.64       2.4478      0.20707    
           0.008799   412.97       2.0002     -8.94919E-02   413.04       1.9460     -0.13225       412.64       2.4478      0.20707    
           0.009405   412.97       2.1786     -8.41501E-02   413.06       2.0955     -0.14321       412.64       2.6149      0.20471    
           0.010032   412.97       2.3615     -7.97684E-02   413.06       2.2540     -0.15190       412.64       2.7875      0.20209    
           0.010032   412.97       2.3615     -7.97684E-02   413.06       2.2540     -0.15190       412.64       2.7875      0.20209    
           0.010047   412.97       2.3659     -7.96747E-02   413.06       2.2578     -0.15208       412.64       2.7916      0.20203    
           0.010069   412.97       2.3724     -7.95355E-02   413.06       2.2635     -0.15235       412.64       2.7977      0.20193    
           0.010069   412.97       2.3724     -7.95355E-02   413.06       2.2635     -0.15235       412.64       2.7977      0.20193    
           0.010429   412.96       2.4768     -7.74097E-02   413.07       2.3558     -0.15642       412.64       2.8967      0.20035    
           0.011042   412.96       2.6541     -7.42579E-02   413.07       2.5148     -0.16223       412.65       3.0652      0.19752    
           0.011042   412.96       2.6541     -7.42579E-02   413.07       2.5148     -0.16223       412.65       3.0652      0.19752    
           0.011271   412.96       2.7199     -7.32157E-02   413.07       2.5745     -0.16408       412.65       3.1278      0.19642    
           0.011539   412.96       2.7971     -7.20706E-02   413.07       2.6450     -0.16606       412.65       3.2014      0.19510    
           0.011539   412.96       2.7971     -7.20706E-02   413.07       2.6450     -0.16606       412.65       3.2014      0.19510    
           0.011604   412.96       2.8157     -7.18055E-02   413.07       2.6621     -0.16651       412.65       3.2192      0.19477    
           0.012004   412.96       2.9305     -7.02750E-02   413.07       2.7679     -0.16903       412.65       3.3288      0.19273    
           0.012004   412.96       2.9305     -7.02750E-02   413.07       2.7679     -0.16903       412.65       3.3288      0.19273    
           0.012393   412.96       3.0418     -6.89429E-02   413.07       2.8713     -0.17110       412.65       3.4352      0.19067    
           0.012956   412.96       3.2027     -6.72621E-02   413.07       3.0221     -0.17347       412.65       3.5891      0.18757    
           0.012956   412.96       3.2027     -6.72621E-02   413.07       3.0221     -0.17347       412.65       3.5891      0.18757    
           0.013174   412.96       3.2646     -6.66872E-02   413.07       3.0807     -0.17420       412.65       3.6484      0.18633    
           0.013413   412.96       3.3328     -6.60992E-02   413.07       3.1453     -0.17489       412.65       3.7138      0.18494    
           0.013413   412.96       3.3328     -6.60992E-02   413.07       3.1453     -0.17489       412.65       3.7138      0.18494    
           0.013561   412.96       3.3749     -6.57588E-02   413.07       3.1854     -0.17526       412.65       3.7541      0.18406    
           0.013972   412.96       3.4916     -6.49046E-02   413.07       3.2971     -0.17606       412.65       3.8661      0.18158    
           0.013972   412.96       3.4916     -6.49046E-02   413.07       3.2971     -0.17606       412.65       3.8661      0.18158    
           0.014407   412.96       3.6148     -6.41405E-02   413.07       3.4159     -0.17654       412.66       3.9845      0.17885    
           0.014888   412.96       3.7506     -6.34590E-02   413.07       3.5478     -0.17666       412.66       4.1150      0.17574    
           0.014888   412.96       3.7506     -6.34590E-02   413.07       3.5478     -0.17666       412.66       4.1150      0.17574    
           0.015079   412.96       3.8046     -6.32340E-02   413.07       3.6006     -0.17658       412.66       4.1669      0.17446    
           0.015272   412.96       3.8591     -6.30332E-02   413.07       3.6540     -0.17644       412.66       4.2194      0.17315    
           0.015272   412.96       3.8591     -6.30332E-02   413.07       3.6540     -0.17644       412.66       4.2194      0.17315    
           0.015735   412.96       3.9894     -6.26603E-02   413.06       3.7824     -0.17582       412.66       4.3447      0.16994    
           0.015735   412.96       3.9894     -6.26603E-02   413.06       3.7824     -0.17582       412.66       4.3447      0.16994    
           0.016278   412.96       4.1421     -6.24155E-02   413.06       3.9341     -0.17459       412.66       4.4918      0.16602    
           0.016881   412.96       4.3110     -6.23903E-02   413.05       4.1036     -0.17259       412.67       4.6547      0.16149    
           0.016881   412.96       4.3110     -6.23903E-02   413.05       4.1036     -0.17259       412.67       4.6547      0.16149    
           0.016902   412.96       4.3168     -6.23941E-02   413.05       4.1094     -0.17250       412.67       4.6603      0.16133    
           0.016987   412.96       4.3406     -6.24129E-02   413.05       4.1334     -0.17216       412.67       4.6832      0.16067    
           0.016987   412.96       4.3406     -6.24129E-02   413.05       4.1334     -0.17216       412.67       4.6832      0.16067    
           0.017621   412.96       4.5176     -6.27230E-02   413.05       4.3134     -0.16918       412.67       4.8541      0.15564    
           0.017621   412.96       4.5176     -6.27230E-02   413.05       4.3134     -0.16918       412.67       4.8541      0.15564    
           0.018050   412.96       4.6370     -6.31073E-02   413.04       4.4359     -0.16670       412.67       4.9695      0.15211    
           0.018652   412.97       4.8039     -6.38988E-02   413.03       4.6091     -0.16258       412.68       5.1311      0.14697    
           0.018652   412.97       4.8039     -6.38988E-02   413.03       4.6091     -0.16258       412.68       5.1311      0.14697    
           0.018769   412.97       4.8366     -6.40904E-02   413.03       4.6433     -0.16168       412.68       5.1627      0.14594    
           0.018969   412.97       4.8918     -6.44432E-02   413.03       4.7012     -0.16008       412.68       5.2162      0.14417    
           0.018969   412.97       4.8918     -6.44432E-02   413.03       4.7012     -0.16008       412.68       5.2162      0.14417    
           0.019398   412.97       5.0100     -6.53274E-02   413.02       4.8261     -0.15633       412.68       5.3309      0.14030    
           0.019908   412.97       5.1504     -6.66267E-02   413.02       4.9763     -0.15123       412.69       5.4674      0.13553    
           0.019908   412.97       5.1504     -6.66267E-02   413.02       4.9763     -0.15123       412.69       5.4674      0.13553    
           0.019996   412.97       5.1745     -6.68797E-02   413.02       5.0023     -0.15028       412.69       5.4908      0.13469    
           0.020196   412.97       5.2293     -6.74900E-02   413.01       5.0616     -0.14803       412.69       5.5442      0.13277    
           0.020196   412.97       5.2293     -6.74900E-02   413.01       5.0616     -0.14803       412.69       5.5442      0.13277    
           0.020539   412.97       5.3231     -6.86586E-02   413.01       5.1641     -0.14386       412.69       5.6357      0.12940    
           0.021080   412.97       5.4700     -7.08500E-02   413.00       5.3273     -0.13644       412.69       5.7795      0.12394    
           0.021080   412.97       5.4700     -7.08500E-02   413.00       5.3273     -0.13644       412.69       5.7795      0.12394    
           0.021366   412.97       5.5473     -7.22175E-02   412.99       5.4148     -0.13201       412.70       5.8555      0.12097    
           0.021366   412.97       5.5473     -7.22175E-02   412.99       5.4148     -0.13201       412.70       5.8555      0.12097    
           0.021950   412.97       5.7037     -7.55916E-02   412.98       5.5964     -0.12157       412.70       6.0103      0.11474    
           0.022577   412.98       5.8685     -8.05590E-02   412.97       5.7989     -0.10721       412.71       6.1761      0.10777    
           0.022577   412.98       5.8685     -8.05590E-02   412.97       5.7989     -0.10721       412.71       6.1761      0.10777    
           0.022592   412.98       5.8723     -8.07013E-02   412.97       5.8038     -0.10681       412.71       6.1800      0.10760    
           0.022636   412.98       5.8838     -8.11444E-02   412.97       5.8187     -0.10558       412.71       6.1918      0.10709    
           0.022636   412.98       5.8838     -8.11444E-02   412.97       5.8187     -0.10558       412.71       6.1918      0.10709    
           0.022707   412.98       5.9020     -8.18887E-02   412.97       5.8427     -0.10353       412.71       6.2106      0.10628    
           0.023321   412.96       6.0574     -8.48834E-02   412.99       6.0544     -9.35257E-02   412.71       6.3723      9.91120E-02
           0.023321   412.96       6.0574     -8.48834E-02   412.99       6.0544     -9.35257E-02   412.71       6.3723      9.91120E-02
           0.023398   412.96       6.0813     -8.32270E-02   412.99       6.0716     -9.68377E-02   412.71       6.3926      9.81871E-02
           0.023956   412.95       6.2498     -7.48220E-02   413.01       6.2020     -0.11268       412.72       6.5389      9.13828E-02
           0.023956   412.95       6.2498     -7.48220E-02   413.01       6.2020     -0.11268       412.72       6.5389      9.13828E-02
           0.024243   412.95       6.3356     -7.15374E-02   413.02       6.2722     -0.11844       412.72       6.6142      8.77646E-02
           0.024794   412.94       6.4987     -6.62029E-02   413.03       6.4096     -0.12721       412.73       6.7582      8.06195E-02
           0.024794   412.94       6.4987     -6.62029E-02   413.03       6.4096     -0.12721       412.73       6.7582      8.06195E-02
           0.024873   412.94       6.5218     -6.55185E-02   413.03       6.4295     -0.12828       412.73       6.7786      7.95782E-02
           0.025213   412.94       6.6220     -6.27129E-02   413.03       6.5162     -0.13251       412.73       6.8673      7.49813E-02
           0.025213   412.94       6.6220     -6.27129E-02   413.03       6.5162     -0.13251       412.73       6.8673      7.49813E-02
           0.025297   412.94       6.6465     -6.20615E-02   413.03       6.5376     -0.13346       412.73       6.8891      7.38341E-02
           0.025847   412.93       6.8073     -5.80811E-02   413.03       6.6797     -0.13890       412.74       7.0317      6.60930E-02
           0.025847   412.93       6.8073     -5.80811E-02   413.03       6.6797     -0.13890       412.74       7.0317      6.60930E-02
           0.026148   412.93       6.8950     -5.60932E-02   413.03       6.7583     -0.14139       412.75       7.1094      6.17032E-02
           0.026693   412.92       7.0533     -5.27702E-02   413.03       6.9017     -0.14512       412.75       7.2496      5.34494E-02
           0.026693   412.92       7.0533     -5.27702E-02   413.03       6.9017     -0.14512       412.75       7.2496      5.34494E-02
           0.026853   412.92       7.0998     -5.18509E-02   413.03       6.9442     -0.14605       412.75       7.2907      5.09386E-02
           0.027180   412.92       7.1947     -5.00459E-02   413.03       7.0313     -0.14773       412.76       7.3745      4.56863E-02
           0.027180   412.92       7.1947     -5.00459E-02   413.03       7.0313     -0.14773       412.76       7.3745      4.56863E-02
           0.027613   412.92       7.3199     -4.77913E-02   413.03       7.1472     -0.14952       412.77       7.4847      3.84628E-02
           0.028081   412.92       7.4551     -4.54970E-02   413.03       7.2734     -0.15096       412.77       7.6030      3.02523E-02
           0.028081   412.92       7.4551     -4.54970E-02   413.03       7.2734     -0.15096       412.77       7.6030      3.02523E-02
           0.028136   412.92       7.4709     -4.52372E-02   413.03       7.2882     -0.15110       412.78       7.6168      2.92628E-02
           0.028331   412.91       7.5272     -4.43218E-02   413.02       7.3412     -0.15152       412.78       7.6659      2.56717E-02
           0.028331   412.91       7.5272     -4.43218E-02   413.02       7.3412     -0.15152       412.78       7.6659      2.56717E-02
           0.028684   412.91       7.6289     -4.27135E-02   413.02       7.4371     -0.15209       412.79       7.7540      1.89519E-02
           0.029258   412.91       7.7941     -4.01859E-02   413.02       7.5942     -0.15247       412.80       7.8959      7.25630E-03
           0.029258   412.91       7.7941     -4.01859E-02   413.02       7.5942     -0.15247       412.80       7.8959      7.25630E-03
           0.029499   412.91       7.8636     -3.91400E-02   413.02       7.6607     -0.15243       412.81       7.9549      1.99227E-03
           0.029775   412.90       7.9430     -3.79466E-02   413.01       7.7368     -0.15225       412.81       8.0215     -4.31710E-03
           0.029775   412.90       7.9430     -3.79466E-02   413.01       7.7368     -0.15225       412.81       8.0215     -4.31710E-03
           0.030175   412.90       8.0582     -3.61903E-02   413.01       7.8476     -0.15173       412.83       8.1165     -1.41583E-02
           0.030175   412.90       8.0582     -3.61903E-02   413.01       7.8476     -0.15173       412.83       8.1165     -1.41583E-02
           0.030787   412.89       8.2356     -3.32964E-02   413.00       8.0184     -0.15036       412.86       8.2554     -3.15124E-02
           0.031402   412.89       8.4050     -3.93946E-02   412.99       8.1915     -0.14829       412.90       8.4370     -5.85193E-03
           0.031402   412.89       8.4050     -3.93946E-02   412.99       8.1915     -0.14829       412.90       8.4370     -5.85193E-03
           0.031406   412.89       8.4059     -3.94411E-02   412.99       8.1925     -0.14827       412.90       8.4382     -5.65150E-03
           0.031422   412.89       8.4102     -3.96580E-02   412.99       8.1970     -0.14821       412.90       8.4439     -4.71838E-03
           0.031422   412.89       8.4102     -3.96580E-02   412.99       8.1970     -0.14821       412.90       8.4439     -4.71838E-03
           0.031871   412.89       8.5296     -4.46643E-02   412.99       8.3242     -0.14622       412.89       8.5950      1.57368E-02
           0.032496   412.89       8.6969     -5.02911E-02   412.98       8.5025     -0.14280       412.88       8.7965      3.60890E-02
           0.032496   412.89       8.6969     -5.02911E-02   412.98       8.5025     -0.14280       412.88       8.7965      3.60890E-02
           0.032622   412.89       8.7305     -5.13420E-02   412.98       8.5385     -0.14201       412.88       8.8363      3.95676E-02
           0.032801   412.89       8.7786     -5.28202E-02   412.98       8.5900     -0.14082       412.87       8.8927      4.42884E-02
           0.032801   412.89       8.7786     -5.28202E-02   412.98       8.5900     -0.14082       412.87       8.8927      4.42884E-02
           0.033197   412.89       8.8849     -5.60314E-02   412.97       8.7046     -0.13794       412.87       9.0167      5.38571E-02
           0.033700   412.89       9.0195     -6.00808E-02   412.96       8.8512     -0.13371       412.86       9.1722      6.46280E-02
           0.033700   412.89       9.0195     -6.00808E-02   412.96       8.8512     -0.13371       412.86       9.1722      6.46280E-02
           0.033843   412.89       9.0576     -6.12402E-02   412.96       8.8931     -0.13238       412.86       9.2160      6.74579E-02
           0.034075   412.90       9.1195     -6.31437E-02   412.95       8.9614     -0.13009       412.86       9.2870      7.18703E-02
           0.034075   412.90       9.1195     -6.31437E-02   412.95       8.9614     -0.13009       412.86       9.2870      7.18703E-02
           0.034481   412.90       9.2276     -6.65688E-02   412.95       9.0821     -0.12567       412.85       9.4108      7.91143E-02
           0.034967   412.90       9.3560     -7.08898E-02   412.94       9.2284     -0.11955       412.84       9.5578      8.70732E-02
           0.034967   412.90       9.3560     -7.08898E-02   412.94       9.2284     -0.11955       412.84       9.5578      8.70732E-02
           0.035104   412.90       9.3922     -7.21745E-02   412.93       9.2703     -0.11762       412.84       9.5993      8.92042E-02
           0.035326   412.90       9.4505     -7.43245E-02   412.93       9.3386     -0.11429       412.84       9.6661      9.25440E-02
           0.035326   412.90       9.4505     -7.43245E-02   412.93       9.3386     -0.11429       412.84       9.6661      9.25440E-02
           0.035834   412.90       9.5822     -7.97050E-02   412.91       9.4982     -0.10544       412.83       9.8184      9.97368E-02
           0.035834   412.90       9.5822     -7.97050E-02   412.91       9.4982     -0.10544       412.83       9.8184      9.97368E-02
           0.036076   412.91       9.6438     -8.26135E-02   412.91       9.5772     -0.10035       412.83       9.8908      0.10297    
           0.036695   412.90       9.7923     -8.74412E-02   412.91       9.7992     -9.29939E-02   412.82       10.075      0.11072    
           0.036695   412.91       9.6765     -8.76138E-02   412.82       10.075      0.11072    
           0.036755   412.91       9.5896     -8.63929E-02   412.82       9.9891      0.11277    
           0.037134   412.90       9.6942     -8.71781E-02   412.82       10.101      0.11715    
           0.037134   412.90       9.6942     -8.71781E-02   412.82       10.101      0.11715    
           0.037535   412.90       9.8051     -8.79931E-02   412.81       10.220      0.12166    
           0.038104   412.90       9.9623     -8.91176E-02   412.81       10.388      0.12785    
           0.038104   412.90       9.9623     -8.91176E-02   412.81       10.388      0.12785    
           0.038310   412.90       10.019     -8.95172E-02   412.80       10.448      0.13004    
           0.038537   412.90       10.082     -8.99515E-02   412.80       10.515      0.13240    
           0.038537   412.90       10.082     -8.99515E-02   412.80       10.515      0.13240    
           0.038834   412.90       10.164     -9.05124E-02   412.80       10.602      0.13545    
           0.039256   412.90       10.281     -9.12956E-02   412.79       10.726      0.13967    
           0.039256   412.90       10.281     -9.12956E-02   412.79       10.726      0.13967    
           0.039459   412.90       10.337     -9.16667E-02   412.79       10.785      0.14166    
           0.039791   412.89       10.429     -9.22641E-02   412.79       10.882      0.14485    
           0.039791   412.89       10.429     -9.22641E-02   412.79       10.882      0.14485    
           0.039965   412.89       10.477     -9.25741E-02   412.78       10.933      0.14650    
           0.040390   412.89       10.595     -9.33191E-02   412.78       11.057      0.15044    
           0.040390   412.89       10.595     -9.33191E-02   412.78       11.057      0.15044    
           0.040871   412.89       10.728     -9.41422E-02   412.77       11.197      0.15476    
           0.040871   412.89       10.728     -9.41422E-02   412.77       11.197      0.15476    
           0.040938   412.89       10.746     -9.42554E-02   412.77       11.216      0.15535    
           0.041540   412.89       10.913     -9.52561E-02   412.77       11.391      0.16055    
           0.041540   412.89       10.913     -9.52561E-02   412.77       11.391      0.16055    
           0.042106   412.88       11.070     -9.61702E-02   412.76       11.555      0.16524    
           0.042106   412.88       11.070     -9.61702E-02   412.76       11.555      0.16524    
           0.042417   412.88       11.156     -9.66624E-02   412.76       11.645      0.16774    
           0.043041   412.88       11.329     -9.76258E-02   412.75       11.825      0.17260    
           0.043041   412.88       11.329     -9.76258E-02   412.75       11.825      0.17260    
           0.043107   412.88       11.347     -9.77270E-02   412.75       11.844      0.17310    
           0.043424   412.88       11.435     -9.82038E-02   412.74       11.936      0.17548    
           0.043424   412.88       11.435     -9.82038E-02   412.74       11.936      0.17548    
           0.043815   412.88       11.543     -9.87813E-02   412.74       12.048      0.17834    
           0.044377   412.87       11.699     -9.95922E-02   412.73       12.210      0.18230    
           0.044377   412.87       11.699     -9.95922E-02   412.73       12.210      0.18230    
           0.044432   412.87       11.714     -9.96705E-02   412.73       12.226      0.18268    
           0.044670   412.87       11.780     -0.10001       412.73       12.294      0.18431    
           0.044670   412.87       11.780     -0.10001       412.73       12.294      0.18431    
           0.045292   412.87       11.953     -0.10087       412.72       12.472      0.18843    
           0.045292   412.87       11.953     -0.10087       412.72       12.472      0.18843    
           0.045727   412.86       12.074     -0.10145       412.72       12.597      0.19119    
           0.046306   412.86       12.234     -0.10221       412.71       12.762      0.19472    
           0.046306   412.86       12.234     -0.10221       412.71       12.762      0.19472    
           0.046372   412.86       12.253     -0.10229       412.71       12.781      0.19512    
           0.046566   412.86       12.307     -0.10254       412.71       12.836      0.19626    
           0.046566   412.86       12.307     -0.10254       412.71       12.836      0.19626    
           0.046666   412.86       12.334     -0.10267       412.71       12.865      0.19685    
           0.047228   412.86       12.490     -0.10337       412.70       13.025      0.20003    
           0.047228   412.86       12.490     -0.10337       412.70       13.025      0.20003    
           0.047561   412.85       12.583     -0.10378       412.70       13.120      0.20185    
           0.048089   412.85       12.730     -0.10441       412.69       13.270      0.20464    
           0.048089   412.85       12.730     -0.10441       412.69       13.270      0.20464    
           0.048133   412.85       12.742     -0.10446       412.69       13.283      0.20486    
           0.048429   412.85       12.824     -0.10480       412.69       13.366      0.20636    
           0.048429   412.85       12.824     -0.10480       412.69       13.366      0.20636    
           0.048519   412.85       12.849     -0.10491       412.69       13.392      0.20681    
           0.049103   412.84       13.011     -0.10557       412.68       13.558      0.20963    
           0.049103   412.84       13.011     -0.10557       412.68       13.558      0.20963    
           0.049506   412.84       13.123     -0.10601       412.68       13.672      0.21148    
           0.050044   412.84       13.273     -0.10659       412.67       13.824      0.21385    
           0.050044   412.84       13.273     -0.10659       412.67       13.824      0.21385    
           0.050219   412.84       13.321     -0.10677       412.67       13.873      0.21460    
           0.050446   412.84       13.384     -0.10701       412.67       13.937      0.21554    
           0.050446   412.84       13.384     -0.10701       412.67       13.937      0.21554    
           0.050698   412.83       13.455     -0.10727       412.66       14.009      0.21656    
           0.051151   412.83       13.580     -0.10772       412.66       14.136      0.21833    
           0.051151   412.83       13.580     -0.10772       412.66       14.136      0.21833    
           0.051459   412.83       13.666     -0.10802       412.65       14.223      0.21949    
           0.051835   412.83       13.771     -0.10838       412.65       14.329      0.22084    
           0.051835   412.83       13.771     -0.10838       412.65       14.329      0.22084    
           0.051887   412.83       13.785     -0.10843       412.65       14.343      0.22102    
           0.052208   412.82       13.874     -0.10873       412.65       14.433      0.22212    
           0.052208   412.82       13.874     -0.10873       412.65       14.433      0.22212    
           0.052398   412.82       13.927     -0.10891       412.64       14.487      0.22275    
           0.052974   412.82       14.087     -0.10942       412.64       14.648      0.22457    
           0.052974   412.82       14.087     -0.10942       412.64       14.648      0.22457    
           0.053454   412.81       14.221     -0.10984       412.63       14.783      0.22599    
           0.053454   412.81       14.221     -0.10984       412.63       14.783      0.22599    
           0.053949   412.81       14.359     -0.11026       412.63       14.922      0.22734    
           0.054536   412.81       14.522     -0.11073       412.62       15.086      0.22882    
           0.054536   412.81       14.522     -0.11073       412.62       15.086      0.22882    
           0.054564   412.81       14.530     -0.11075       412.62       15.094      0.22889    
           0.054697   412.81       14.567     -0.11086       412.62       15.131      0.22920    
           0.054697   412.81       14.567     -0.11086       412.62       15.131      0.22920    
           0.055171   412.80       14.699     -0.11122       412.61       15.263      0.23026    
           0.055770   412.80       14.866     -0.11166       412.61       15.430      0.23146    
           0.055770   412.80       14.866     -0.11166       412.61       15.430      0.23146    
           0.055930   412.80       14.910     -0.11178       412.61       15.474      0.23176    
           0.055930   412.80       14.910     -0.11178       412.61       15.474      0.23176    
           0.056143   412.79       14.970     -0.11193       412.60       15.534      0.23214    
           0.056767   412.79       15.143     -0.11235       412.60       15.707      0.23314    
           0.056767   412.79       15.143     -0.11235       412.60       15.707      0.23314    
           0.056832   412.79       15.162     -0.11240       412.60       15.725      0.23323    
           0.057247   412.78       15.277     -0.11266       412.59       15.840      0.23380    
           0.057247   412.78       15.277     -0.11266       412.59       15.840      0.23380    
           0.057425   412.78       15.327     -0.11278       412.59       15.890      0.23402    
           0.057988   412.78       15.484     -0.11312       412.58       16.046      0.23464    
           0.057988   412.78       15.484     -0.11312       412.58       16.046      0.23464    
           0.058105   412.78       15.516     -0.11319       412.58       16.078      0.23475    
           0.058555   412.77       15.642     -0.11345       412.58       16.203      0.23512    
           0.058555   412.77       15.642     -0.11345       412.58       16.203      0.23512    
           0.058849   412.77       15.724     -0.11361       412.57       16.284      0.23532    
           0.059360   412.77       15.866     -0.11388       412.57       16.425      0.23559    
           0.059360   412.77       15.866     -0.11388       412.57       16.425      0.23559    
           0.059630   412.76       15.941     -0.11401       412.57       16.500      0.23568    
           0.059965   412.76       16.035     -0.11418       412.56       16.592      0.23576    
           0.059965   412.76       16.035     -0.11418       412.56       16.592      0.23576    
           0.060228   412.76       16.108     -0.11430       412.56       16.665      0.23578    
           0.060587   412.76       16.208     -0.11446       412.56       16.763      0.23577    
           0.060587   412.76       16.208     -0.11446       412.56       16.763      0.23577    
           0.060667   412.76       16.230     -0.11450       412.55       16.785      0.23576    
           0.061032   412.75       16.332     -0.11465       412.55       16.886      0.23569    
           0.061032   412.75       16.332     -0.11465       412.55       16.886      0.23569    
           0.061398   412.75       16.434     -0.11480       412.55       16.986      0.23555    
           0.061946   412.74       16.587     -0.11501       412.54       17.137      0.23524    
           0.061946   412.74       16.587     -0.11501       412.54       17.137      0.23524    
           0.062083   412.74       16.625     -0.11506       412.54       17.174      0.23515    
           0.062346   412.74       16.699     -0.11515       412.54       17.246      0.23494    
           0.062346   412.74       16.699     -0.11515       412.54       17.246      0.23494    
           0.062443   412.74       16.726     -0.11518       412.54       17.273      0.23485    
           0.062934   412.73       16.863     -0.11534       412.53       17.408      0.23436    
           0.062934   412.73       16.863     -0.11534       412.53       17.408      0.23436    
           0.063210   412.73       16.940     -0.11542       412.53       17.483      0.23404    
           0.063741   412.73       17.088     -0.11556       412.52       17.628      0.23333    
           0.063741   412.73       17.088     -0.11556       412.52       17.628      0.23333    
           0.063908   412.72       17.135     -0.11560       412.52       17.674      0.23308    
           0.064261   412.72       17.233     -0.11568       412.52       17.770      0.23251    
           0.064261   412.72       17.233     -0.11568       412.52       17.770      0.23251    
           0.064568   412.72       17.319     -0.11575       412.51       17.854      0.23197    
           0.065029   412.71       17.448     -0.11583       412.51       17.979      0.23108    
           0.065029   412.71       17.448     -0.11583       412.51       17.979      0.23108    
           0.065241   412.71       17.507     -0.11587       412.51       18.037      0.23064    
           0.065563   412.71       17.597     -0.11592       412.50       18.124      0.22993    
           0.065563   412.71       17.597     -0.11592       412.50       18.124      0.22993    
           0.065818   412.71       17.668     -0.11595       412.50       18.194      0.22934    
           0.066235   412.70       17.785     -0.11599       412.50       18.307      0.22830    
           0.066235   412.70       17.785     -0.11599       412.50       18.307      0.22830    
           0.066342   412.70       17.815     -0.11600       412.49       18.336      0.22802    
           0.066715   412.70       17.919     -0.11603       412.49       18.437      0.22700    
           0.066715   412.70       17.919     -0.11603       412.49       18.437      0.22700    
           0.067189   412.69       18.051     -0.11605       412.49       18.565      0.22561    
           0.067710   412.69       18.197     -0.11606       412.48       18.706      0.22396    
           0.067710   412.69       18.197     -0.11606       412.48       18.706      0.22396    
           0.067835   412.68       18.232     -0.11606       412.48       18.740      0.22355    
           0.067989   412.68       18.275     -0.11606       412.48       18.782      0.22303    
           0.067989   412.68       18.275     -0.11606       412.48       18.782      0.22303    
           0.068503   412.68       18.418     -0.11604       412.47       18.920      0.22120    
           0.068503   412.68       18.418     -0.11604       412.47       18.920      0.22120    
           0.068648   412.68       18.459     -0.11603       412.47       18.959      0.22066    
           0.069266   412.67       18.632     -0.11597       412.46       19.126      0.21824    
           0.069266   412.67       18.632     -0.11597       412.46       19.126      0.21824    
           0.069615   412.67       18.729     -0.11593       412.46       19.220      0.21678    
           0.070098   412.66       18.865     -0.11585       412.46       19.349      0.21466    
           0.070098   412.66       18.865     -0.11585       412.46       19.349      0.21466    
           0.070199   412.66       18.893     -0.11583       412.46       19.377      0.21420    
           0.070479   412.66       18.971     -0.11578       412.45       19.452      0.21291    
           0.070479   412.66       18.971     -0.11578       412.45       19.452      0.21291    
           0.070646   412.65       19.018     -0.11574       412.45       19.496      0.21211    
           0.071173   412.65       19.165     -0.11562       412.45       19.637      0.20950    
           0.071173   412.65       19.165     -0.11562       412.45       19.637      0.20950    
           0.071566   412.64       19.275     -0.11551       412.44       19.743      0.20745    
           0.072028   412.64       19.405     -0.11537       412.44       19.866      0.20493    
           0.072028   412.64       19.405     -0.11537       412.44       19.866      0.20493    
           0.072227   412.64       19.461     -0.11530       412.44       19.919      0.20380    
           0.072463   412.63       19.526     -0.11522       412.43       19.982      0.20244    
           0.072463   412.63       19.526     -0.11522       412.43       19.982      0.20244    
           0.072882   412.63       19.644     -0.11506       412.43       20.093      0.19993    
           0.073311   412.62       19.764     -0.11488       412.43       20.207      0.19726    
           0.073311   412.62       19.764     -0.11488       412.43       20.207      0.19726    
           0.073399   412.62       19.789     -0.11484       412.42       20.231      0.19669    
           0.073608   412.62       19.847     -0.11475       412.42       20.286      0.19534    
           0.073608   412.62       19.847     -0.11475       412.42       20.286      0.19534    
           0.073968   412.61       19.948     -0.11458       412.42       20.382      0.19293    
           0.074508   412.61       20.099     -0.11430       412.41       20.525      0.18916    
           0.074508   412.61       20.099     -0.11430       412.41       20.525      0.18916    
           0.074784   412.60       20.177     -0.11414       412.41       20.598      0.18717    
           0.074784   412.60       20.177     -0.11414       412.41       20.598      0.18717    
           0.075158   412.60       20.282     -0.11392       412.41       20.697      0.18437    
           0.075779   412.59       20.456     -0.11353       412.40       20.860      0.17951    
           0.075779   412.59       20.456     -0.11353       412.40       20.860      0.17951    
           0.075984   412.59       20.513     -0.11339       412.40       20.914      0.17784    
           0.076238   412.59       20.584     -0.11321       412.40       20.981      0.17573    
           0.076238   412.59       20.584     -0.11321       412.40       20.981      0.17573    
           0.076690   412.58       20.711     -0.11287       412.39       21.100      0.17185    
           0.076690   412.58       20.711     -0.11287       412.39       21.100      0.17185    
           0.076769   412.58       20.733     -0.11281       412.39       21.121      0.17116    
           0.077368   412.57       20.902     -0.11232       412.39       21.278      0.16572    
           0.077368   412.57       20.902     -0.11232       412.39       21.278      0.16572    
           0.077529   412.57       20.947     -0.11218       412.39       21.320      0.16421    
           0.078079   412.56       21.101     -0.11169       412.38       21.463      0.15888    
           0.078079   412.56       21.101     -0.11169       412.38       21.463      0.15888    
           0.078572   412.56       21.239     -0.11121       412.38       21.592      0.15386    
           0.078572   412.56       21.239     -0.11121       412.38       21.592      0.15386    
           0.078976   412.55       21.353     -0.11080       412.38       21.696      0.14958    
           0.079579   412.54       21.522     -0.11014       412.37       21.853      0.14288    
           0.079579   412.54       21.522     -0.11014       412.37       21.853      0.14288    
           0.079757   412.54       21.572     -0.10993       412.37       21.899      0.14082    
           0.079982   412.54       21.635     -0.10966       412.37       21.957      0.13818    
           0.079982   412.54       21.635     -0.10966       412.37       21.957      0.13818    
           0.080125   412.53       21.676     -0.10949       412.37       21.994      0.13646    
           0.080575   412.53       21.802     -0.10892       412.36       22.110      0.13092    
           0.080575   412.53       21.802     -0.10892       412.36       22.110      0.13092    
           0.080993   412.52       21.920     -0.10836       412.36       22.217      0.12556    
           0.081478   412.52       22.056     -0.10767       412.36       22.341      0.11905    
           0.081478   412.52       22.056     -0.10767       412.36       22.341      0.11905    
           0.081615   412.51       22.095     -0.10747       412.36       22.376      0.11714    
           0.081826   412.51       22.154     -0.10715       412.36       22.430      0.11417    
           0.081826   412.51       22.154     -0.10715       412.36       22.430      0.11417    
           0.081975   412.51       22.196     -0.10692       412.36       22.468      0.11202    
           0.082466   412.50       22.334     -0.10612       412.35       22.593      0.10471    
           0.082466   412.50       22.334     -0.10612       412.35       22.593      0.10471    
           0.082908   412.49       22.459     -0.10535       412.35       22.705      9.77929E-02
           0.083387   412.49       22.594     -0.10446       412.35       22.826      8.98779E-02
           0.083387   412.49       22.594     -0.10446       412.35       22.826      8.98779E-02
           0.083414   412.49       22.601     -0.10441       412.35       22.833      8.94226E-02
           0.083600   412.48       22.654     -0.10405       412.35       22.880      8.62061E-02
           0.083600   412.48       22.654     -0.10405       412.35       22.880      8.62061E-02
           0.084226   412.47       22.831     -0.10275       412.35       23.036      7.48523E-02
           0.084226   412.47       22.831     -0.10275       412.35       23.036      7.48523E-02
           0.084585   412.47       22.932     -0.10194       412.34       23.126      6.79024E-02
           0.085189   412.46       23.103     -0.10046       412.34       23.275      5.53635E-02
           0.085189   412.46       23.103     -0.10046       412.34       23.275      5.53635E-02
           0.085399   412.46       23.162     -9.99084E-02   412.34       23.327      5.07217E-02
           0.085669   412.45       23.238     -9.91653E-02   412.34       23.393      4.45264E-02
           0.085669   412.45       23.238     -9.91653E-02   412.34       23.393      4.45264E-02
           0.085749   412.45       23.261     -9.89353E-02   412.34       23.412      4.26187E-02
           0.086168   412.44       23.379     -9.76736E-02   412.34       23.514      3.22280E-02
           0.086168   412.44       23.379     -9.76736E-02   412.34       23.514      3.22280E-02
           0.086569   412.44       23.493     -9.63426E-02   412.34       23.611      2.13971E-02
           0.087116   412.43       23.649     -9.42720E-02   412.35       23.741      4.79554E-03
           0.087116   412.43       23.649     -9.42720E-02   412.35       23.741      4.79554E-03
           0.087307   412.42       23.703     -9.34609E-02   412.35       23.785     -1.63062E-03
           0.087535   412.42       23.768     -9.24153E-02   412.35       23.838     -9.85299E-03
           0.087535   412.42       23.768     -9.24153E-02   412.35       23.838     -9.85299E-03
           0.087925   412.41       23.879     -9.03446E-02   412.36       23.927     -2.59415E-02
           0.088362   412.40       24.004     -8.72672E-02   412.37       24.023     -4.93881E-02
           0.088362   412.40       24.004     -8.72672E-02   412.37       24.023     -4.93881E-02
           0.088613   412.40       24.076     -8.44727E-02   412.38       24.075     -7.02009E-02
           0.088613   412.40       24.041     -8.26729E-02
           0.088613   412.40       24.041     -8.26729E-02
           0.088613   412.40       24.041     -8.26729E-02
           0.088613   412.40       24.041     -8.26729E-02
           0.088613   412.40       24.041     -8.26729E-02
           0.088613   412.40       24.041     -8.26729E-02
           0.088613   412.40       24.041     -8.26729E-02
           0.088613   412.40       24.041     -8.26729E-02
           0.088613   412.40       24.041     -8.26729E-02
           0.088613   412.40       24.041     -8.26729E-02
           0.088613   412.40       24.041     -8.26729E-02
           0.088613   412.40       24.041     -8.26729E-02
           0.088613   412.40       24.041     -8.26729E-02
           0.088613   412.40       24.041     -8.26729E-02
           0.088613   412.40       24.041     -8.26729E-02
           0.088613   412.40       24.041     -8.26729E-02
           0.088613   412.40       24.041     -8.26729E-02
           0.088613   412.40       24.041     -8.26729E-02
           0.088613   412.40       24.041     -8.26729E-02
           0.088613   412.40       24.041     -8.26729E-02
           0.088613   412.40       24.041     -8.26729E-02
           0.088613   412.40       24.041     -8.26729E-02
           0.088613   412.40       24.041     -8.26729E-02
           0.088613   412.40       24.041     -8.26729E-02
           0.088613   412.40       24.041     -8.26729E-02
           0.088613   412.40       24.041     -8.26729E-02
           0.088613   412.40       24.041     -8.26729E-02
           0.088613   412.40       24.041     -8.26729E-02
           0.088613   412.40       24.041     -8.26729E-02
           0.088613   412.40       24.041     -8.26729E-02
           0.088613   412.40       24.041     -8.26729E-02
           0.088613   412.40       24.041     -8.26729E-02
           0.088613   412.40       24.041     -8.26729E-02
           0.088613   412.40       24.041     -8.26729E-02
           0.088613   412.40       24.041     -8.26729E-02
           0.088613   412.40       24.041     -8.26729E-02
