4.0
6.456
2.76
16.53
5.6955
1.0245
0.9375
0.765
0.915
3.807
1.4025
2.028
2.652
3.0075
3.3165
0.768
0.195
2.4495
6.246
0.81
1.563
5.3835
1.788
2.781
0.018
1.6245
6.963
0.4515
8.79
1.8705
2.7765
3.1815
1.7175
2.7465
1.365
5.0685
1.446
0.2565
13.6725
9.009
0.9375
4.806
5.0
3.054
6.0945
1.422
0.507
2.73
2.8065
2.16
4.7145
1.959
8.379
0.042
1.3485
2.2755
1.9785
3.342
0.1905
0.3075
0.0255
0.018
8.424
3.1335
1.1745
2.607
4.53
7.3305
1.9485
2.583
3.549
4.203
1.8255
0.087
0.456
1.0245
2.1285
2.907
0.1545
1.329
5.7825
0.3525
0.111
1.0455
5.6565
5.0115
0.5355
1.188
0.828
1.797
0.5085
0.1875
5.2095
0.0195
0.246
3.1875
0.969
8.442
0.087
1.3215
1.155
6.0
5.307
0.0195
0.021
0.4545
0.798
5.8665
0.348
3.0705
2.4825
2.2635
2.7975
1.9965
0.8415
0.192
3.711
2.007
1.662
1.0995
0.4875
0.192
0.021
0.909
0.1395
1.7295
0.852
3.3
1.8495
6.39
0.7995
1.2825
1.2405
0.729
0.4755
1.098
1.7505
2.3205
1.629
0.699
2.1285
1.8405
0.0225
0.021
7.704
1.7325
0.0255
6.3615
0.2505
0.4395
4.506
0.3555
1.263
1.767
2.5095
1.386
0.477
1.3065
0.183
0.351
8.1
4.1295
1.5
1.4535
1.9935
6.0045
6.7935
1.659
1.7445
0.021
0.933
2.7645
0.8085
1.764
7.0
0.4965
2.523
0.3645
2.7045
0.939
1.629
0.7725
2.073
3.183
0.4515
2.2095
1.035
1.773
1.308
2.481
2.427
3.006
0.2985
0.513
1.404
0.6105
0.021
1.164
0.5055
1.695
0.384
0.9435
1.791
1.017
0.0315
0.9735
0.972
0.4005
0.135
2.4465
3.1335
0.471
1.6155
3.1155
1.8765
0.4515
0.873
0.0825
2.544
0.201
1.293
0.027
0.7005
0.213
0.3045
1.7475
1.695
0.138
0.93
3.2145
2.2215
1.239
1.8
1.6995
3.5115
1.395
3.1095
0.939
4.833
2.073
1.3845
0.453
2.502
1.0395
1.9995
1.563
2.937
1.023
1.4175
0.0225
0.711
1.077
0.036
1.515
0.6885
1.152
0.6585
2.1225
0.735
1.3365
0.5475
1.353
0.8355
