3.0
13.7985
5.334
0.9915
5.964
18.159
13.437
3.0405
10.836
3.2595
13.9995
4.071
0.3975
8.736
5.3355
0.615
30.0
3.0285
9.303
2.9295
3.1125
9.465
2.0265
2.4405
7.998
13.692
2.595
4.2135
0.9645
3.1275
10.404
6.9315
0.96
0.0195
0.033
30.0
6.2835
9.5715
3.078
30.0
0.027
11.823
1.821
1.0275
15.297
11.4015
0.021
0.135
2.415
5.5215
0.0345
6.7095
3.648
0.0165
19.3245
6.3375
0.0315
4.6005
1.833
13.287
8.3355
7.77
4.638
22.2705
1.5795
1.1895
14.3625
0.0285
4.116
0.132
4.779
3.006
9.516
1.0485
0.8895
2.826
0.0645
11.214
4.17
5.268
5.7675
0.027
11.1195
1.6275
7.437
2.0595
9.177
2.976
5.295
0.0165
21.795
6.711
3.7905
3.339
1.35
11.367
16.698
0.126
6.7035
3.636
18.9
0.021
0.021
0.0225
4.0
1.9785
3.981
0.0255
1.0965
3.1335
2.6895
0.078
2.6835
0.018
1.4895
9.4215
0.0525
2.034
2.2095
8.559
0.732
0.0285
4.539
0.033
3.636
2.838
6.174
2.394
0.2535
2.004
8.556
10.467
0.639
0.027
0.0465
2.8785
6.7545
9.621
1.89
3.594
11.451
15.5565
0.021
7.6305
1.4475
3.5535
2.544
12.771
0.504
2.9535
3.36
0.0945
2.4585
5.8605
0.651
6.5325
0.5385
0.033
1.404
2.892
0.4395
0.7185
4.3455
1.674
0.0885
0.0795
0.0405
1.851
10.2795
13.7535
4.578
1.9785
4.4895
0.1275
1.302
8.052
2.475
2.8995
4.017
1.6575
4.1835
4.722
1.7745
0.9225
0.5835
0.0285
4.1085
0.507
5.091
0.3
4.5435
1.137
3.06
13.2
4.0155
5.0205
5.775
7.296
6.5505
3.021
5.832
2.535
2.91
0.858
0.4575
1.503
0.351
4.1175
3.8055
6.4035
3.741
12.6375
7.0905
4.0095
5.5575
2.2155
8.67
5.0
11.3355
0.972
1.0875
0.468
0.354
1.8015
2.3115
1.923
0.0165
0.1065
0.8745
1.872
1.647
4.8
1.236
0.0255
1.851
2.199
1.3095
0.636
0.3495
1.3425
1.7175
1.461
4.233
0.477
4.9665
0.183
1.026
0.1365
0.153
3.5475
0.6615
0.966
2.0475
3.9495
0.0915
1.392
0.066
1.9515
0.6165
0.021
1.125
6.285
1.1895
1.6005
1.74
3.075
0.06
2.274
0.024
1.9065
1.881
0.018
2.1045
0.141
3.2235
1.2585
4.227
4.377
1.9965
2.5305
2.694
1.737
2.7555
3.9615
2.646
0.3045
1.8705
2.1645
0.033
0.024
0.0375
11.3205
6.0855
8.355
7.392
2.2365
0.138
4.2765
0.2235
1.3635
13.8195
1.701
0.0285
5.709
1.629
0.7065
2.811
3.372
4.4505
1.1985
2.3475
0.072
0.06
2.004
0.0285
5.5365
6.0
2.943
0.1845
0.1755
0.999
0.9885
2.859
0.21
0.1815
4.749
0.0285
1.4385
3.582
4.404
0.672
1.0875
0.6855
2.7045
0.912
0.3405
0.939
1.8105
1.8675
5.265
1.8075
0.7605
2.853
0.6795
1.173
1.7895
2.5275
2.919
2.013
1.5
0.087
4.4145
0.057
5.85
0.2985
4.605
0.0315
3.1215
0.5655
0.8025
0.2835
0.033
0.021
1.194
0.4725
1.9995
0.6435
0.7725
0.2505
0.0255
2.7375
5.2575
0.033
2.0325
0.132
0.7275
0.924
2.4015
0.1935
0.1425
0.2745
0.024
2.3085
1.4145
1.0785
0.03
0.5625
0.195
0.018
0.0285
0.132
7.3245
1.4655
0.7665
4.2585
2.178
0.141
0.0195
0.027
0.354
2.2845
0.0195
0.0585
1.302
0.462
0.084
0.4215
1.65
3.672
0.216
0.798
0.018
0.9585
0.039
2.3235
1.6815
2.22
1.521
0.0765
0.018
4.7625
0.0195
7.0
0.0345
0.897
2.244
1.878
0.2445
2.2695
0.657
0.0765
0.5205
1.176
0.465
0.0195
0.0315
1.278
3.9165
2.232
1.635
0.1155
2.001
0.024
1.317
4.689
0.027
1.5045
0.1965
0.084
1.8075
0.5685
2.571
0.567
1.1685
0.0225
1.374
0.0585
1.3575
0.036
1.218
0.1365
0.0285
0.7335
0.018
0.711
2.6205
1.4715
1.0965
0.453
0.0525
0.0975
1.3935
1.863
0.7215
1.413
0.4305
0.0765
0.036
1.986
0.066
2.808
0.027
2.4975
0.0285
0.135
0.0165
1.4715
0.03
0.9765
0.0705
0.0735
1.3875
1.044
1.119
0.4215
1.1235
0.927
0.0195
1.617
3.6825
0.564
0.063
0.03
0.426
1.1715
0.441
1.356
0.72
0.1185
0.834
2.6595
3.876
0.0225
0.283
0.0955
0.8975
3.4585
0.555
3.102
1.4685
0.774
3.3735
0.024
5.76
6.21
0.3195
1.572
0.0855
0.09
1.146
1.872
3.0315
2.2635
0.6135
0.039
3.1005
0.99
1.7235
0.405
1.131
1.2525
0.7335
2.3775
2.5725
0.297
2.1135
2.439
1.7625
2.097
0.243
0.033
0.096
1.4265
2.7555
0.1125
0.6075
0.6645
1.107
1.5285
0.1875
0.9255
0.3855
5.208
0.684
0.9045
0.948
0.6045
4.356
0.0195
8.0
0.192
0.249
0.177
0.039
0.255
2.229
2.3865
0.0315
0.684
1.494
0.072
0.819
2.5515
0.0225
1.02
0.114
0.0795
0.177
0.5055
1.386
0.0165
0.084
3.0165
1.134
0.5625
1.0005
1.98
0.501
1.4265
0.066
0.3645
0.0825
1.038
0.6705
1.8585
0.2955
0.3165
1.0575
1.8375
0.0345
0.0165
2.097
0.855
1.0815
0.081
0.0195
0.777
1.5705
0.033
1.293
1.74
0.471
0.6165
1.2135
3.882
0.4455
0.237
0.0165
0.2235
0.0195
0.6285
0.549
1.317
0.537
0.429
2.982
0.342
0.768
0.543
1.152
0.669
0.159
0.339
0.0225
1.0035
0.108
0.774
0.141
0.042
0.0315
0.0165
0.978
0.0195
0.03
0.0195
1.2615
0.021
0.0255
3.285
1.17
0.303
0.885
0.9855
0.09
2.733
0.093
0.087
0.036
0.18
0.5055
1.5585
0.2835
0.885
1.8405
2.4945
0.0315
0.651
0.06
0.4995
1.1595
1.4655
0.0555
0.8835
0.2475
0.276
0.8805
0.147
2.913
1.5975
2.3595
0.0255
0.465
0.2505
0.2925
0.0885
0.0165
0.1425
0.2445
3.2835
0.0285
2.283
2.112
0.192
0.1905
0.3225
1.029
2.172
3.489
0.6705
0.3855
2.481
3.0585
1.074
0.2415
0.357
0.273
1.6515
1.161
0.7215
0.387
2.4165
0.12
0.8565
0.6135
1.683
0.39
0.0195
0.018
0.0375
0.0225
0.8295
1.455
0.141
0.2475
0.8985
1.4505
9.0
0.084
0.042
0.0195
1.845
0.0195
0.567
0.048
0.0165
1.215
0.1905
0.984
0.1455
0.5175
0.3915
0.6555
1.1595
0.0795
1.3815
0.945
0.45
0.8325
0.0825
0.0705
0.2025
1.515
0.1275
1.2525
0.0285
1.434
0.444
0.5685
0.2355
0.039
0.285
0.1425
1.359
0.48
1.6935
0.0825
0.522
0.3885
0.6075
0.198
1.9605
0.021
1.4505
0.1095
2.7315
0.4155
0.714
0.1965
0.237
0.0165
0.03
0.837
0.132
0.0285
0.0195
0.0165
1.017
0.6675
0.0915
0.0795
1.8465
0.024
0.1365
1.0185
0.9585
0.936
0.3585
0.7065
0.7605
0.825
1.965
0.4995
0.552
0.0285
1.746
4.2015
0.921
0.186
0.027
0.4005
0.5895
0.6555
0.3825
0.6675
0.018
0.678
0.1905
0.342
1.5825
0.084
0.8115
0.525
0.5175
0.663
0.297
0.444
0.864
1.0665
1.3305
0.5685
0.0225
0.417
2.616
0.72
0.057
0.342
0.858
1.8195
0.021
0.1905
0.4005
0.3225
2.7135
0.6555
0.2445
0.4005
0.399
0.9825
1.0335
0.291
0.837
0.138
1.1445
1.0875
0.6375
0.108
2.6835
1.116
0.4515
0.1875
1.482
0.5655
0.6825
0.1155
1.083
0.024
0.552
1.077
0.087
0.327
0.3135
1.287
0.4065
0.147
0.018
0.024
0.033
0.3525
0.6675
0.027
1.2915
0.582
1.0125
0.8595
0.8205
0.0345
0.888
0.234
1.263
0.2355
0.3555
0.423
0.138
1.302
1.9635
1.125
0.0765
0.723
0.1845
0.693
0.1335
1.287
1.4415
0.15
0.663
0.078
0.0315
0.444
1.794
0.1275
2.865
0.4695
0.6795
0.09
0.399
1.308
1.2975
0.021
0.0495
1.431
0.5175
0.612
0.021
0.7185
0.084
0.0225
0.138
0.5235
0.4215
0.3615
0.546
0.4515
0.0255
0.4065
1.1775
0.024
0.0195
10.0
0.6105
0.2415
1.473
0.831
0.0555
0.204
0.147
0.0825
0.027
0.7605
0.021
0.3675
0.123
1.5345
0.039
1.2195
0.036
0.1245
0.0315
0.2355
1.212
0.021
1.0005
0.0345
0.498
0.7605
0.042
0.7875
0.7905
0.2145
0.516
0.6075
0.078
0.267
0.357
0.474
0.0285
0.0255
2.3025
1.407
0.0195
0.099
0.27
0.9525
0.0195
1.026
0.1185
1.167
0.246
0.0165
0.0825
0.0345
0.033
1.4385
0.4545
1.86
0.8445
0.0435
0.252
0.018
0.8505
0.723
0.7245
0.03
0.8175
0.495
0.867
0.78
0.03
0.273
1.7055
0.5055
0.024
0.357
0.123
0.0165
0.0195
0.0165
0.6705
0.558
0.3465
0.0855
0.603
0.0345
0.6195
0.078
0.165
0.0585
0.2295
1.2135
0.498
0.4965
0.8055
0.099
0.021
0.024
0.7575
0.2715
0.78
2.0715
1.488
0.03
0.4545
0.5535
0.0825
0.0315
0.1785
0.7905
0.615
0.243
0.774
0.831
0.252
0.021
0.0165
1.5195
0.024
0.021
1.8315
0.021
0.441
0.3735
1.584
0.1935
0.027
0.7095
0.627
0.354
1.599
1.431
0.018
0.519
0.258
0.0795
1.074
0.6195
0.63
0.117
0.024
0.3705
0.6405
0.4185
0.4185
1.9725
0.9375
0.891
2.3715
0.0225
0.0255
0.1425
0.2355
0.3075
0.723
0.42
0.027
0.0225
0.4035
0.7275
0.729
1.0125
0.894
0.024
0.684
0.6165
0.1365
0.258
1.125
0.021
0.828
0.2025
0.024
0.087
0.609
0.021
0.6375
0.0225
0.354
0.0945
1.1325
0.324
0.408
0.144
1.5915
0.678
0.3195
0.0225
0.504
0.5505
